id	0	1	2	3
0	0	0.992335661527744	0.00398990404010696	0.00367443443214929
1	0.514036390284102	0.10993645480964	0.104863646024945	0.271163508881312
2	0	0	0	1
3	0.0316053466376973	0.420502804108997	0.490189395046435	0.0577024542068702
4	0	0	0.999992917475718	7.08252428229911e-06
5	0	0	0	1
6	0	0	0.921855803309965	0.0781441966900347
7	0.0688235441015458	0.633435347388923	0.191629175357856	0.106111933151676
8	0.0331680516661673	0.464577972888363	0.147416927428123	0.354837048017346
9	0.912517370202686	0.0634400773428073	0.0171527201855843	0.00688983226892287
10	0	0.997903649110457	0.00198686327221297	0.000109487617330109
11	0.0228381004237648	0.850523946629038	0.0865255064068216	0.0401124465403752
12	0	0	0	1
13	0	0	0.998060468935312	0.00193953106468849
14	0.00766443849773798	0.372734801640703	0.489119546801652	0.130481213059907
15	0	0.466080639530763	0.516215490726562	0.0177038697426756
16	0.0116765133685292	0.518476860614836	0.444242439134889	0.0256041868817463
17	0.0113082954388169	0.0540008718836362	0.0450046533054254	0.889686179372121
18	1	0	0	0
19	0.185721398410124	0.304315354916281	0.326712567935446	0.183250678738149
20	0.0578396646032822	0.190183483658356	0.659279460175074	0.0926973915632886
21	0.01479209815589	0.973460831771449	0.00919700500069304	0.00255006507196761
22	0.108683107779329	0.183906265965583	0.693662700275491	0.0137479259795977
23	0	0	0	1
24	0.00760818358005347	0.891078146750335	0.0420679020524245	0.0592457676171868
25	0.068823544101544	0.633435347388795	0.191629175357989	0.106111933151672
26	0.00916059429187461	0.161494212291397	0.794651274333377	0.0346939190833513
27	0.0316009455869417	0.420718669485848	0.489986760684183	0.0576936242430269
28	0.00134921871162351	0.0354815803756227	0.0100157171878388	0.953153483724915
29	0	0.000810332979632638	0.000146247302205769	0.999043419718162
30	0	9.54361639915298e-05	0	0.999904563836008
31	0.00799579124033292	0.0527110464560031	0.174928750532309	0.764364411771355
32	0	1	0	0
33	1	0	0	0
34	0.641144319633959	0.0081081432676783	0	0.350747537098362
35	1	0	0	0
36	0.00158182928616026	0.010307944628262	0.00863300918004355	0.979477216905534
37	0	3.30379545141436e-05	0	0.999966962045486
38	0	0.97012698150538	0	0.0298730184946199
39	0.0413132756798644	0.389866595408286	0.475690149485511	0.0931299794263385
40	0	0.0624877118802105	0	0.937512288119789
41	0	1	0	0
42	0.0316034890821445	0.420593914606183	0.490103868978169	0.0576987273335031
43	0.000340024362861851	0.0040894362775854	0.00369498655025128	0.991875552809302
44	0.518726318718236	0.105651970362124	0.119918413427943	0.255703297491697
45	0.0127950508300171	0.689183474458745	0.271404319973396	0.0266171547378415
46	0.009618278157489	0.135154660442462	0.835394214033209	0.01983284736684
47	0	0	0	1
48	0	0.0261268222086193	0.928717085888369	0.0451560919030112
49	0	0.999996112549146	0	3.88745085437722e-06
50	0.00694736529049129	0.799180594854307	0.183434760374679	0.0104372794805225
51	0	0	1.27045792227882e-09	0.999999998729542
52	0.0329765012504364	0.240501131793014	0.163125451165111	0.563396915791438
53	0.00200769244498708	0.0215011460574114	0.941593383818719	0.0348977776788827
54	0	0	1	0
55	0.0296755864405414	0.807652567295559	0.112959573556854	0.0497122727070455
56	0	0	0	1
57	0.0983183835225509	0.264028945480085	0.502554154124096	0.135098516873268
58	0.999473163832665	0.000526836167335381	0	0
59	0.00284125400678145	0.969393254161458	0.0124129400173593	0.0153525518144016
60	0	0.957466340896099	0	0.0425336591039009
61	1	0	0	0
62	0	0.847687000751133	0.15156644087806	0.000746558370806737
63	0.0244729847025889	0.0237068717070464	0.92214148824596	0.0296786553444048
64	0	0	0	1
65	0	0.0149264109959952	0.983956821515201	0.00111676748880413
66	0	0	0	1
67	0	0	0	1
68	0	0.999993799878273	1.90484869645443e-07	6.00963685702863e-06
69	0	0.10722818831691	0.888622587328801	0.004149224354289
70	0	0.999595022262234	0	0.000404977737765744
71	0.0315940535146558	0.421061742753673	0.489659767822464	0.0576844359092063
72	0	0.00042582890995489	0	0.999574171090045
73	1	0	0	0
74	0.0688112983264933	0.632941174154125	0.192150503347342	0.10609702417204
75	0	0.998949729912485	0	0.0010502700875147
76	0.0295588789822445	0.13762509078739	0.466724861166489	0.366091169063877
77	0.0649651744475172	0.314420648184008	0.499953128981558	0.120661048386917
78	0.998336191998913	0.00160236992393119	0	6.14380771563029e-05
79	0	0.962197468885191	0	0.0378025311148091
80	0.192949476639258	0.441680987720089	0.332418432802543	0.0329511028381096
81	0	0	0.999984773992345	1.5226007655053e-05
82	0	0.00387500007758168	0.995885585157021	0.000239414765397576
83	0.000557925564294733	0.00514233663458207	0.992928680651349	0.00137105714977474
84	0	0	0	1
85	0	0	0	1
86	0	0	1	0
87	0.0295639868053072	0.137643766721618	0.466857507679268	0.365934738793807
88	0.0410559472464158	0.0210589499789695	0.908125913125618	0.0297591896489968
89	0	0.960660364991065	0.0196860251389138	0.0196536098700208
90	0.0316034867905631	0.420593868415377	0.490103921511408	0.0576987232826519
91	0.00134265206815801	0.0350816179413269	0.00994078534162847	0.953634944648887
92	0.00770369612668509	0.178348702948424	0.454707023763041	0.35924057716185
93	1	0	0	0
94	0.912723052720125	0.0552726311037735	0.017247513633026	0.0147568025430751
95	0	0.995067209449734	0	0.00493279055026567
96	0	0	1	0
97	0.0674156644342967	0.576609202757449	0.251501737614826	0.104473395193429
98	0.912307555071399	0.0636782684229592	0.0171029300409729	0.00691124646466937
99	0.0150553877876657	0.0870583169202863	0.869436599983781	0.0284496953082667
100	0	0	0.0079433340861756	0.992056665913824
101	0.0577804587716439	0.191060256711829	0.586802669634512	0.164356614882014
102	0.684897375638342	0.135498390238344	0.1147391692174	0.0648650649059145
103	0.963809000140039	0.0165845728054957	0.0132189923562049	0.0063874346982603
104	0.0320681367937985	0.406890823692374	0.500134820673122	0.0609062188407053
105	0	0.999415281886501	0	0.000584718113498725
106	0.0571152198823457	0.183951117297564	0.16191774385194	0.59701591896815
107	0	0.999998716347537	0	1.28365246289595e-06
108	0	0.00734743666161115	0.991764393840352	0.000888169498036856
109	0.0198991157545815	0.302403619481752	0.667246613778749	0.0104506509849177
110	0.014060917156423	0.0669050238445509	0.892344440177495	0.0266896188215313
111	0.00332432440972601	0.880927752846329	0.0240951820408346	0.0916527407031102
112	0	0	0	1
113	0.112905844688136	0.4578160242025	0.280135345519087	0.149142785590277
114	0	1	0	0
115	0.00429799897475988	0.894914456290245	0.0342721262699745	0.0665154184650207
116	0	0	0	1
117	0.0232654083960243	0.0283581908118168	0.94364481656864	0.00473158422351849
118	0.999311124197583	0.000526876259045809	0.000125044682887129	3.69548604838955e-05
119	0	0.587313236618958	0.0100848368784245	0.402601926502618
120	0	0	0.99999999999989	1.09684535947766e-13
121	1	0	0	0
122	1	0	0	0
123	0.0516404895105981	0.0521401613276677	0.487017340300254	0.40920200886148
124	0	1	0	0
125	0.00111001273346715	0.00138628325947501	0.997258940885346	0.000244763121712219
126	0	0.00757274260342216	0.0757118996901704	0.916715357706407
127	0.057115218621252	0.183951068884807	0.161917740634282	0.597015971859659
128	0.18570975664711	0.304409495826391	0.326650037956925	0.183230709569574
129	0.0328757653703849	0.433345814098656	0.247880451893714	0.285897968637245
130	0.0232296769517886	0.838290177077244	0.0960539828617251	0.0424261631092419
131	1	0	0	0
132	0.963809000140039	0.0165845728054957	0.0132189923562049	0.0063874346982603
133	1	0	0	0
134	0.97945229172111	0.000964559606795517	0.0191484673757326	0.000434681296361621
135	0.0019976993987009	0.855480238579387	0.142521994325616	6.76962958641807e-08
136	0	0	0	1
137	0	0.0100551710113736	0.0031727073730329	0.986772121615593
138	0.00969613933820144	0.800427827230055	0.096809861153713	0.0930661722780308
139	0.999950057780982	4.9942219018108e-05	0	0
140	0	9.64003049218378e-06	0.000261119416126417	0.999729240553381
141	1	0	0	0
142	0	0	0.000292905105731527	0.999707094894268
143	0.0170247824589007	0.149667835791801	0.0612890353418955	0.772018346407402
144	0.0165933185386981	0.000184592562470031	0	0.983222088898832
145	0	0	0	1
146	0	0	0	1
147	0.997979176851776	0.00202082314822382	0	0
148	0	0	0	1
149	0.465154441876895	0.530288185765209	0	0.0045573723578963
150	0	0.996340705403933	0.00137818762711549	0.00228110696895168
151	0.439771391227581	0.480703945697707	0.0215072439549803	0.0580174191197321
152	0	0	0	1
153	0	0	0.9998905335131	0.000109466486900113
154	0.00101965940481141	0.993788408131267	0.00437922061372507	0.000812711850196772
155	0.000504126040908779	0.00500749533397646	0.993146768369471	0.00134161025564354
156	0	0	0	1
157	0	1	0	0
158	0	1	0	0
159	0.0483655999121747	0.0604044248068437	0.630677016618518	0.260552958662464
160	0	0	1	0
161	0.000157844896298759	0.00317830474041295	0.996237784679495	0.000426065683793509
162	0.057115218621252	0.183951068884807	0.161917740634282	0.597015971859659
163	0	0	0.0272738040438718	0.972726195956128
164	0	0.782040395043617	0.217959604956383	0
165	0	0	0.99605883617771	0.00394116382229034
166	0	0.978951691712664	0	0.0210483082873357
167	0.949767639298511	0.0468199773950319	0	0.00341238330645647
168	0.00400124954043068	0.871619111219162	0.114899530439507	0.00948010880089972
169	0	0.900648166150634	0.0979567355697741	0.00139509827959171
170	0.00738124057134012	0.335546124346714	0.634023453066314	0.0230491820156318
171	0	0.999284137796908	0	0.000715862203092177
172	0	0.942244573797155	0	0.0577554262028446
173	0	0.942334758240973	0	0.0576652417590266
174	0	1	0	0
175	0.146337640977371	0.0640177326383739	0.322191068174312	0.467453558209942
176	0	0.999969704648067	0	3.02953519332999e-05
177	0.0042822133117688	0.0296382399175782	0.929529469083249	0.0365500776874036
178	0	0.125656815194422	0.183967989046053	0.690375195759525
179	0	4.87398050885776e-05	0.999951079894369	1.80300542540276e-07
180	0	0.659231526937108	0.334894984952502	0.00587348811039038
181	0.00223874778971019	0.0681069621280797	0.91933179027527	0.0103224998069401
182	0	0.00311043827569163	0.0519736756393914	0.944915886084917
183	0.000164740267114458	0.0680296550513497	0.002881385566828	0.928924219114708
184	0	0.933327329314338	0	0.0666726706856619
185	1.94179741882218e-05	0.000183658902631229	0	0.999796923123181
186	0	0.976899450606577	0.0231005493934227	0
187	0	0	0	1
188	0	0.297805382540528	0	0.702194617459472
189	0.101910804867155	0.0596570172670361	0.733907810922523	0.104524366943285
190	0	0.992147512422853	0.00122012888251636	0.00663235869463072
191	9.39404407741806e-05	8.41575331649015e-05	0.999811127382371	1.07746436899183e-05
192	0.445698269125115	0.124852170820271	0.103443859144969	0.326005700909645
193	0	0	0.999805758795954	0.000194241204046508
194	0	0	9.27298449363257e-05	0.999907270155064
195	0	0.695100020982893	0.0251191269382147	0.279780852078892
196	1	0	0	0
197	0.926357667999091	0.0736423320009093	0	0
198	0	0	0	1
199	0.0431344914086896	0.914796201209361	0	0.0420693073819491
200	0	0.791253785355143	0.207173094875328	0.00157311976952921
201	0	0	0	1
202	0.22434541748161	0.681024757321322	0.0670406861320153	0.0275891390650528
203	0	0.748517899186429	0.251416493228268	6.56075853029113e-05
204	0.460988661413649	0.375476856386206	0.112916664775133	0.0506178174250117
205	0	0	1	0
206	0	1	0	0
207	0.466099906253127	0.361920731836011	0.121599575572983	0.0503797863378798
208	0.00607405884659919	0.165411188385231	0.72709633948853	0.10141841327964
209	0	0.104058115266543	0	0.895941884733457
210	0	0	0	1
211	0.00397829373231277	0.877822479970397	0.107519502724982	0.0106797235723078
212	0	0.955983012929229	0.0360679442462157	0.00794904282455518
213	0	2.46883532378028e-07	0.999984186542376	1.55665740917735e-05
214	0	0.999907088218389	0	9.29117816107817e-05
215	0	0.908313309775279	0	0.0916866902247208
216	0.998428635843169	0.00150799843867685	0	6.33657181538455e-05
217	0	0.0381154529797809	0.960155986731122	0.0017285602890972
218	0.00780007329157903	0.458426297802728	0.0413032483996274	0.492470380506065
219	0.0688258915857123	0.633296876701199	0.191653403310876	0.106223828402212
220	0	0.999999862006075	0	1.37993924585097e-07
221	0.00737840512624927	0.162259598428238	0.0869406091301173	0.743421387315396
222	0.00356202981161496	0.0295865898145271	0.958983252877636	0.00786812749622223
223	0.00810298003877046	0.598142956817342	0.255410346177455	0.138343716966432
224	0	0.302219714864466	0.650124834088507	0.0476554510470264
225	0	0.999604610609999	0	0.000395389390001308
226	0	0.0427133511317874	0	0.957286648868213
227	0.0173907117516549	0.657272179667756	0.296738374058722	0.0285987345218668
228	0.0470914830493626	0.636936890906363	0.288276795187738	0.0276948308565368
229	0	0	0.10884563095998	0.89115436904002
230	0	0.999992755902106	0	7.24409789406702e-06
231	0.532139702032684	0.32841495223492	0.0946444678644466	0.0448008778679495
232	0	0.826267279555091	0	0.173732720444909
233	0	0	0.00223055988753873	0.997769440112461
234	0.769894350947079	0.0589887792613031	0.0539218524226647	0.117195017368953
235	0.997806832578209	0.00170709698179085	0	0.000486070440000049
236	0	0	4.2199072320263e-05	0.99995780092768
237	0	0.99999998510856	0	1.48914399426763e-08
238	0.999837116646776	0.000162883353223509	0	0
239	0.0687956680304651	0.632310415122328	0.192816028562364	0.106077888284843
240	0.00025715544613336	0.00172976802320199	0.00385688403638475	0.99415619249428
241	1	0	0	0
242	6.02170773972013e-05	0.00195444988360686	0.985860884828111	0.0121244482108852
243	0.999997638551668	2.36144833169037e-06	0	0
244	0	0	0.999999958830637	4.11693629093233e-08
245	0.963809000140039	0.0165845728054957	0.0132189923562049	0.0063874346982603
246	0	0.966932004295173	0.0165266380754825	0.0165413576293445
247	0	0	0.996229242321897	0.00377075767810341
248	0.0688235441015458	0.633435347388923	0.191629175357856	0.106111933151676
249	0	0	0.0021593291938027	0.997840670806197
250	0.680626471771797	0.138246694961341	0.115997842426055	0.0651289908408073
251	0.0578396720803352	0.190183783683539	0.659279143251606	0.09269740098452
252	0	0.991222126134314	0	0.00877787386568623
253	0.58694597320824	0.0948195649218819	0.311613099264535	0.00662136260534289
254	0	0	0.998711096362658	0.00128890363734207
255	0.0233286960752772	0.838841655540214	0.0920831993565068	0.0457464490280024
256	0	0	0.999997886799544	2.11320045608502e-06
257	0.00192794702289015	0.0190580330214879	0.945811051566057	0.0332029683895653
258	0	0	1	0
259	0.0841337469428696	0.487695065731599	0.42463916769667	0.00353201962886146
260	0.0151016287526074	0.984820960965056	0	7.74102823368793e-05
261	1	0	0	0
262	0.000504426010665083	0.00501780179893493	0.993135485430998	0.00134228675940224
263	0	0.981530961201605	0.0179119537538441	0.000557085044550937
264	0	0	0	1
265	0.0157780039499283	0.724856963000439	0.0803183405211992	0.179046692528434
266	0.227794818742	0.300414176067137	0.0856016343980045	0.386189370792858
267	0.00658424885155331	0.812729108336496	0.027353523485965	0.153333119325986
268	0.0688234799767911	0.63343288542252	0.191629017407589	0.106114617193101
269	0	0	0	1
270	0	0	0.999999998639218	1.36078172027768e-09
271	1	0	0	0
272	0.999571859755604	0.000107363344209277	0.000320776900186771	0
273	0	0	0	1
274	0.0149397685733759	0.777687241674961	0.18705651559126	0.020316474160403
275	0.0219242032943329	0.0123140096045001	0.00978894904986547	0.955972838051302
276	0	1	0	0
277	0	0	0	1
278	0	0.000110275100084746	0.000398637022366373	0.999491087877549
279	0	0	0	1
280	0.215230118208622	0.686587966845781	0.0716956513408983	0.0264862636046985
281	0.999999996551501	0	0	3.44849933065505e-09
282	0.00600734416546457	0.160101136095761	0.179572772967423	0.654318746771352
283	0.066481281344407	0.543452124132518	0.187140140951545	0.20292645357153
284	0.551584918012281	0.181397609310422	0.19129631717657	0.0757211555007264
285	0	0.0043430255948406	0.806842904006902	0.188814070398257
286	0	0	1	0
287	0.057927607527031	0.190634865105449	0.658720387856401	0.0927171395111191
288	3.53325655451082e-06	6.48134591219595e-05	5.13589742791856e-05	0.999880294310044
289	0	0.000378914210642779	0	0.999621085789357
290	1	0	0	0
291	0.00517084856034576	0.902788390623042	0.0410038755799008	0.0510368852367117
292	0	0	0.648907731004056	0.351092268995944
293	0.0168103585586984	0.063028857487583	0.894552452803318	0.0256083311504003
294	0.0140561273232471	0.0668128093924352	0.892455482700816	0.0266755805835022
295	0	0	0	1
296	0	0.0013408520478316	0.997057161451182	0.00160198650098635
297	0	0	0	1
298	0	0	0	1
299	0	0	0	1
300	0	1	0	0
301	0	0.973996790343283	0.0187586536979095	0.00724455595880799
302	0	0	1	0
303	0	0.145854284044959	0.8503578512877	0.00378786466734045
304	0.08491238103123	0.650222635122046	0.217007653734843	0.0478573301118811
305	0	2.63576457838143e-07	0.999999654011403	8.24121393940837e-08
306	0.00140470809538405	0.0391979863595855	0.955045580955963	0.00435172458906731
307	0	0	0	1
308	0.0734860184327225	0.0806601758319399	0.843101453120398	0.00275235261494004
309	0	0	0.999997972912148	2.0270878521686e-06
310	1	0	0	0
311	0	0.999763367704239	0	0.000236632295760677
312	0	0	1	0
313	0	0.954758361565624	0.0423181292273834	0.00292350920699291
314	0	7.69225786314491e-05	0.999891690529261	3.1386892107334e-05
315	0	0.139529274176352	0.179287042406466	0.681183683417181
316	0	0.991749930045721	0.00356101785016472	0.00468905210411388
317	0.0688235441015458	0.633435347388921	0.191629175357857	0.106111933151676
318	0	0	0	1
319	0	0	0	1
320	0.0367986323888887	0.617018900646252	0.275452447076977	0.0707300198878824
321	0.0357435422594817	0.923720743584697	0.0123284355845697	0.0282072785712519
322	0.00710624575009274	0.742944728789849	0.151505432952435	0.0984435925076236
323	0.0688235441015456	0.633435347388913	0.191629175357865	0.106111933151676
324	0	1	0	0
325	0.0688020348715398	0.632567323061501	0.192544349890637	0.106086292176323
326	0.999998844503158	0	0	1.15549684245869e-06
327	0	0.00564971982315895	0.993210213215559	0.00114006696128205
328	0.0578396646032822	0.190183483658356	0.659279460175074	0.0926973915632886
329	0	0	1	0
330	0.022139101323196	0.516020990587751	0.418196277487805	0.0436436306012473
331	0.0128173346816641	0.690029040705525	0.270495878270986	0.0266577463418244
332	0	0.0027897507823433	0.996832402017602	0.000377847200054697
333	0	0	1	0
334	0	0.999830468220844	0	0.000169531779155994
335	0	1	0	0
336	0.321849870034124	0.107758544981129	0.312304024127304	0.258087560857443
337	0.000493799122036796	0.00739894830398714	0.00204951671302251	0.990057735860954
338	0.0262138719875096	0.717212014304923	0.209783367556689	0.0467907461508783
339	0	0.00499079803496428	0	0.995009201965036
340	0.132349041240916	0.619721808214594	0.228667341859671	0.0192618086848196
341	0.415951370224105	0.538104003264822	0.0318057813291876	0.0141388451818856
342	0.0688235441015456	0.633435347388913	0.191629175357865	0.106111933151676
343	0	0	0	1
344	0.963809000140039	0.0165845728054957	0.0132189923562049	0.0063874346982603
345	0.00122998393993911	0.0848410444332645	0.887131646166224	0.0267973254605721
346	0	0.974248626830087	0.0254260593284264	0.000325313841486768
347	1	0	0	0
348	0	0.0978967629139616	0	0.902103237086038
349	0.0049894924454163	0.789273938549186	0.0677076206976923	0.138028948307705
350	0.530553448433272	0.330021356515534	0.0946529172367607	0.0447722778144342
351	0.022838100423759	0.850523946629312	0.0865255064065888	0.0401124465403399
352	0	0.999992473782801	0	7.5262171993202e-06
353	0.0688154693657081	0.63311010475567	0.191958925599324	0.106115500279298
354	0	4.15576575487662e-05	1.0792632739021e-05	0.999947649709712
355	0.00630968152501259	0.0319644547694384	0.954175795636822	0.00755006806872685
356	0.178366716532389	0.819634771533589	0	0.00199851193402185
357	0.684895288569307	0.135499401958294	0.114740111430477	0.0648651980419211
358	1	0	0	0
359	0.156620198494926	0.626782291719946	0.0653269146931524	0.151270595091976
360	0.0556812006696357	0.819463092342158	0.0948367049251919	0.0300190020630143
361	0	0	1	0
362	0.0300411820082478	0.370481024655685	0.540371466516886	0.0591063268191805
363	0.0546503024505862	0.789743512324782	0.0984204238199155	0.0571857614047165
364	0.0240301043081489	0.316963240983535	0.478867524453323	0.180139130254993
365	0	0.00487701963135961	0.994647267763892	0.000475712604748395
366	0.423322629060906	0	0.254825173273949	0.321852197665144
367	0	1	0	0
368	0.0581111565578374	0.20101590306717	0.647794091609635	0.0930788487653579
369	0.00396245842146791	0.97823654173488	0.0146960996848852	0.00310490015876651
370	0.0578396646032822	0.190183483658356	0.659279460175074	0.0926973915632886
371	0.848439794549262	0.0210617939648781	0.101364599389572	0.0291338120962885
372	1	0	0	0
373	0.0578420809385687	0.190274865722621	0.659173496810499	0.0927095565283113
374	0	0.999993080486273	0	6.91951372645888e-06
375	0.00770824809364905	0.852070409672053	0.138491794078616	0.00172954815568189
376	0.0325628749028166	0.0194607962191841	0.942855648176264	0.00512068070173519
377	0.0688234799767911	0.63343288542252	0.191629017407589	0.106114617193101
378	0	0	0.999891078876011	0.000108921123988754
379	0.0126332629231157	0.699179461282457	0.261294075270678	0.0268932005237494
380	1	0	0	0
381	0.00907744515489234	0.835858245285164	0.136462935670783	0.0186013738891605
382	0	0	0	1
383	0	0.978348353428547	0.0163629119880978	0.00528873458335511
384	0	0.03773422874151	0	0.96226577125849
385	0.0315436697206408	0.423540893232956	0.487330797052373	0.0575846399940294
386	0.998075566746323	0.00186760318984355	0	5.6830063833853e-05
387	0	0	1	0
388	1	0	0	0
389	0	0	0	1
390	0.0140598533351635	0.0668859266990995	0.892371789679066	0.0266824302866708
391	0	0.989255731303946	0.00922267798857879	0.00152159070747515
392	0.0688235441015458	0.633435347388921	0.191629175357857	0.106111933151676
393	0.214025951515118	0.69328298706501	0.0663859547070859	0.0263051067127864
394	0.832167059390144	0.0293129200211144	0.0880905358026395	0.0504294847861021
395	0	0.818577235327688	0.174948673422091	0.00647409125022124
396	0.684897375638342	0.135498390238344	0.1147391692174	0.0648650649059145
397	0	0	1	0
398	0.0578396646032822	0.190183483658356	0.659279460175074	0.0926973915632886
399	0.0194507421971825	0.96554722088333	0.0137767960699097	0.00122524084957793
400	0.0578396646032822	0.190183483658356	0.659279460175074	0.0926973915632886
401	0.895595214877963	0.0458720118790715	0.0577769310942163	0.000755842148748897
402	0.0140560933084669	0.0668121238528788	0.892456262393249	0.0266755204454056
403	0	0	0.266245353816408	0.733754646183592
404	0	0	1	0
405	0.0130250786999911	0.267800097742096	0.172049119871116	0.547125703686797
406	0.760036791792423	0.214126286326905	0.0193002888409602	0.00653663303971137
407	0.0108701453487282	0.150038828378883	0.821954085041144	0.0171369412312449
408	0	0.00824963033072942	0.012714199790702	0.979036169878569
409	0.0231458744621977	0.245159754378543	0.686240859470479	0.0454535116887803
410	0.0578398724613879	0.190191871723137	0.659270610396415	0.09269764541906
411	0	0	0	1
412	0.437815963601832	0.192767422460684	0.289693403793755	0.0797232101437291
413	0.0126697471516811	0.669132560276391	0.291815784180772	0.0263819083911554
414	0.00898677982298823	0.937079290091024	0.0396985197559049	0.0142354103300831
415	0.0578396646033017	0.190183483659142	0.659279460174205	0.0926973915633515
416	0.0062953577764938	0.948654977573786	0.0324536959920384	0.0125959686576814
417	0.00363034564422506	0.384132860986115	0.152186197820672	0.460050595548989
418	0.014650300238357	0.566846066309284	0.26242133501232	0.156082298440039
419	0.0572537525993171	0.188488955792365	0.163793112375537	0.590464179232781
420	0.135733105880353	0.0538390442209814	0.0436447592181142	0.766783090680552
421	0.0578408377135611	0.190212466402558	0.659226879350507	0.0927198165333745
422	0	0.163773131977252	0.451306757098953	0.384920110923795
423	0	0	1	0
424	0.356281821086358	0.114665389616275	0.502048210243402	0.0270045790539646
425	1	0	0	0
426	0.999496456238887	0.000503543761112521	0	0
427	0.00642540781835372	0.439129014262874	0.0539658764056955	0.500479701513076
428	0.0670569432986835	0.552341305983534	0.274489318902781	0.106112431815002
429	0	0.0313731793573996	0.0105448466140594	0.958081974028541
430	1	0	0	0
431	0.134563715327684	0.622429485598166	0.223905176462623	0.0191016226115267
432	0.00421392343040543	0.900622644446879	0.0300971552893248	0.0650662768333913
433	0	0.502503818744502	0.488102253159088	0.00939392809641077
434	0	0	0	1
435	0.00108444163790366	0.953333082169984	0.0426536625998839	0.00292881359222858
436	0.0688235239630704	0.633434534705504	0.19163003277474	0.106111908556685
437	0.031577385762534	0.419941771598908	0.490827772682543	0.0576530699560149
438	0.963809000140039	0.0165845728054957	0.0132189923562049	0.0063874346982603
439	0.662019342506643	0.13874209395631	0.133312185384899	0.0659263781521486
440	0	0.93469644416424	0.0653035558357604	0
441	0	0	0.999406012099975	0.000593987900024513
442	0.0195867374140784	0.651302619063329	0.114483297953923	0.214627345568669
443	0.00782242586017021	0.917893972486973	0.0608248400606815	0.0134587615921752
444	0.0649651744475172	0.314420648184008	0.499953128981558	0.120661048386917
445	0	0.999955799128779	0	4.42008712210117e-05
446	0	0	0.999999984689072	1.53109283057809e-08
447	0.671099498387985	0.192789034489459	0.119708991930225	0.0164024751923313
448	0.036344425684189	0.560091394665036	0.187860636289996	0.21570354336078
449	0.885449283874118	0.1138322676617	0	0.000718448464182391
450	0	0.939065890103566	0.0599085334637723	0.00102557643266169
451	0.0140561043265163	0.0668123459127355	0.892456009835306	0.026675539925442
452	0.00658768296678942	0.992465894913604	0	0.000946422119606853
453	0	0	0	1
454	0.00796278287576976	0.769951030092751	0.207143779014974	0.0149424080165048
455	0	0.999851821451561	0	0.000148178548438683
456	0.684897375638342	0.135498390238344	0.1147391692174	0.0648650649059145
457	0	0	0	1
458	0.148430622862191	0.569059113442836	0.181729195306105	0.100781068388868
459	0.00109294298599469	0.833745301122503	0.158081355790894	0.00708040010060883
460	0.0588687952034451	0.232551764367187	0.595756901590128	0.11282253883924
461	0	0	0	1
462	0	0	1	0
463	0	1	0	0
464	0	0	1	0
465	0	0.000234915740543456	0.999763062629493	2.02162996383566e-06
466	0.999744145304015	0.000255854695985026	0	0
467	0.00579909090775669	0.0681089980850697	0.073177649784362	0.852914261222812
468	0.0573640007460488	0.253775040964025	0.060844215733857	0.628016742556069
469	0.0571152186212522	0.183951068884809	0.161917740634426	0.597015971859512
470	0	0.999979321419052	0	2.06785809484575e-05
471	0.00532757557480452	0.397785623711243	0.0387408308318286	0.558145969882124
472	0.0316019102554095	0.42563350695337	0.485265218306024	0.0574993644851967
473	0.68489737437061	0.13549839057234	0.114739170087708	0.064865064969341
474	0.732448314316845	0.116010541822305	0.101085551143508	0.0504555927173425
475	0.0578396564270895	0.190183496037337	0.659271601979732	0.0927052455558414
476	0.00988070183249049	0.0763497005116867	0.77233298980994	0.141436607845883
477	0	0	1	0
478	0.998042665488259	0.00149438890989274	0	0.000462945601848416
479	0.982407098461373	0.00860931086505393	0.00836862141128943	0.000614969262284067
480	0	0	0.998448349374336	0.00155165062566392
481	0.068823544101374	0.633435347381987	0.191629175365069	0.10611193315157
482	0.0238735279187736	0.810408030012139	0.123153552917571	0.0425648891515163
483	0.00232549697951617	0.972045974807255	0.0172869928491494	0.0083415353640795
484	0.0173568676768668	0.369902856270466	0.347215503932689	0.265524772119979
485	0.029088046608044	0.522234891228338	0.266317515462892	0.182359546700726
486	0	0.999953230386518	0	4.6769613481827e-05
487	0.00643976145648316	0.884509585281368	0.103810152220708	0.00524050104144119
488	0.00430722206598207	0.975550356370587	0.0159394213532757	0.00420300021015553
489	0	0.711080915406123	0.275161295777695	0.0137577888161824
490	0.0137299409317364	0.718403782209845	0.0758609723528687	0.19200530450555
491	0	0.978323027663364	0.0207587687618307	0.000918203574805625
492	0	0	1	0
493	0.0578396646032822	0.190183483658356	0.659279460175074	0.0926973915632886
494	0.0325068211626466	0.531703154126363	0.377372662620725	0.0584173620902653
495	0.000968749390972227	0.0142621756960985	0.984139404256061	0.00062967065686819
496	0.626975211726257	0.149189424067612	0.153114881278673	0.0707204829274578
497	1	0	0	0
498	0.00442300980081423	0.669599719172669	0.315301849926127	0.0106754211003899
499	0.0259929726592889	0.125478123800829	0.368413140973148	0.480115762566734
500	0.0582150692880365	0.192141786008565	0.656312997708104	0.0933301469952948
501	0.0683763297164235	0.615388156918296	0.210668850606921	0.105566662758359
502	0.0005212186683962	0.00449869982419989	0.993816306046489	0.00116377546091459
503	0	0	0	1
504	0.0331390434976389	0.915635821946011	0.0368565845644291	0.0143685499919205
505	0.653616960669687	0.0782056048032672	0.245017509044628	0.0231599254824178
506	0.082632183988202	0.312631909958506	0.546733572158308	0.0580023338949837
507	0.0688235162918554	0.633434225119279	0.191630359362825	0.106111899226041
508	0.00415164177842985	0.387081929039321	0.546173190677957	0.0625932385042918
509	0.058326534059973	0.209807273009032	0.638527921472829	0.093338271458166
510	0	0	0.995276133071894	0.00472386692810633
511	0.0578396646032822	0.190183483658356	0.659279460175074	0.0926973915632886
512	0.0137506111709941	0.723138323152196	0.0722079335387166	0.190903132138094
513	0.00255243632144621	0.0262692299435831	0.825269540507142	0.145908793227828
514	0.0687525056397235	0.630569521582822	0.194629202245477	0.106048770531978
515	0.00919320056742202	0.176936615318461	0.793995401711481	0.0198747824026363
516	0.0617290738236476	0.178793318816006	0.676219966169257	0.0832576411910892
517	0	0	0	1
518	0.0578419918128223	0.190277397649867	0.659180376767936	0.0927002337693748
519	0.256009452954639	0.175211982952956	0.512610096244229	0.0561684678481769
520	1	0	0	0
521	0.0811013160605914	0.0573801913103694	0	0.861518492629039
522	0.0571489098502003	0.184416550609594	0.162097142469202	0.596337397071004
523	0.999984129582649	1.58704173508398e-05	0	0
524	0	0.223314528134627	0.774515683558162	0.00216978830721084
525	0.993458864829411	0.00601629446390677	0	0.000524840706682447
526	0.217126551917965	0.124128018002162	0.189188732585289	0.469556697494584
527	0.0688232993100605	0.633425469449296	0.191639584655504	0.106111646585139
528	0.977704130688611	0.0128453985266874	0.00751129270628121	0.00193917807842024
529	0.00583421422411304	0.0864537653272398	0.766509405261948	0.1412026151867
530	0	1	0	0
531	1	0	0	0
532	0.00115643776926033	0.995935057884268	0.00260017673051734	0.00030832761595445
533	1	0	0	0
534	0.9999878978032	0	1.21021968004057e-05	0
535	0.662019342506643	0.13874209395631	0.133312185384899	0.0659263781521486
536	0.0579406692780485	0.192056515396494	0.657123402224833	0.0928794131006245
537	0.684883748307415	0.135509404424222	0.1147408699966	0.0648659772717617
538	0.213091966707987	0.576065574979883	0.142494086619929	0.0683483716922006
539	0.00439728361895589	0.0115976336094193	0.3811725808609	0.602832501910725
540	0.0688234445938989	0.633431332003209	0.191633406848223	0.106111816554669
541	1	0	0	0
542	0	0.00700418602827057	0.991149478578058	0.00184633539367116
543	0.901614851651811	0.0224273237769545	0.0688822276219488	0.0070755969492861
544	0.684897375638342	0.135498390238344	0.1147391692174	0.0648650649059145
545	0	0.0266668241205478	0.167991620563864	0.805341555315588
546	0.901755625698193	0.0224688755505697	0.0684203611532892	0.00735513759794828
547	0.688732904558167	0.217878818780288	0.0705797803955476	0.0228084962659966
548	0.064646110621139	0.54024762893048	0.130663948502697	0.264442311945684
549	0.995748104800669	0.00425189519933065	0	0
550	0	0.298417261316825	0.690270826256423	0.0113119124267521
551	0	1	0	0
552	0.0239460973064904	0.266141318438607	0.665751633329135	0.044160950925768
553	0.0571153620960266	0.183953119534625	0.161997496383	0.596934021986348
554	0	0	0.999946649331737	5.33506682625119e-05
555	0	0	0	1
556	0	0	0	1
557	0.0688235441015458	0.633435347388923	0.191629175357856	0.106111933151676
558	0.998043441584086	0.00149371394332335	0	0.000462844472590423
559	0.999994279261731	0	0	5.7207382691187e-06
560	0.00639757494885387	0.355088107204357	0.548016118000166	0.0904981998466238
561	0	0	0	1
562	0.16310948353491	0.0916325821173625	0.723727960086421	0.0215299742613062
563	0	0	0	1
564	0	0	0	1
565	0.057115218621252	0.183951068884807	0.161917740634282	0.597015971859659
566	0.0571152186441797	0.183951069117674	0.161917755557156	0.59701595668099
567	0.0448669586162342	0.736143535076908	0.151473858865417	0.0675156474414416
568	0.0290174214250004	0.341633630392408	0.576106588288857	0.0532423598937349
569	0.445510325190417	0.420382676041854	0.0911302703942829	0.0429767283734465
570	0	0.526340333081275	0.473659666918725	0
571	0	0.154932059093428	0.0637918204648187	0.781276120441753
572	0.00568079516533438	0.830887860859986	0.150354584594174	0.0130767593805057
573	0	0	1	0
574	0.963808998979928	0.0165845731220073	0.0132189931074149	0.00638743479064943
575	0	0.870234766731856	0.000908988056684377	0.12885624521146
576	0	0.999918833553258	2.67236478832819e-05	5.44427988589089e-05
577	0	0	0.999999999999999	5.25615407383584e-16
578	0.000516817553758416	0.0126664197654275	0.430066036589012	0.556750726091802
579	0.0237242885696248	0.808072896486273	0.125059821835064	0.0431429931090381
580	0.0580001399451948	0.196638831217219	0.651285032105353	0.0940759967322331
581	0	0.999977150463278	0	2.28495367216507e-05
582	0.698411327792476	0.0621550759742811	0.234956674117543	0.00447692211570053
583	0	0	0	1
584	0	0.0443816857519209	0.95399291596785	0.00162539828022899
585	0.381638108638117	0.467093177602867	0.10278441861633	0.0484842951426865
586	0	0.053188398944629	0.176545988287592	0.770265612767779
587	0	0	0	1
588	0	0	1	0
589	0	0.00169289235662008	1.91063526421981e-05	0.998288001290738
590	0.0571152186213925	0.18395106888772	0.161917740656433	0.597015971834454
591	0.0079436954755714	0.978352279430919	0.00721251561817334	0.00649150947533595
592	0	0	0	1
593	0	0.998657105525031	0	0.00134289447496868
594	0	0	0	1
595	0	0	0	1
596	0.00442482202866417	0.910075637133943	0.0355969275086514	0.0499026133287412
597	0	1	0	0
598	0.031608880639925	0.77667939943101	0.125436296028367	0.0662754239006977
599	0.0684555452411967	0.618636862547269	0.206092407471879	0.106815184739656
600	0.000252978311036459	0.998040282455689	0.00147705089675237	0.000229688336521769
601	0	0	0	1
602	0.135734203059375	0.053838253725119	0.0436446115175923	0.766782931697913
603	0	0	0	1
604	0	0	0	1
605	0.0578396646033017	0.190183483659142	0.659279460174205	0.0926973915633515
606	1	0	0	0
607	0.32788931707613	0.345925403716408	0.209156985103749	0.117028294103714
608	0	0.909653800350915	0.0898155365962504	0.000530663052834364
609	0.833125437589445	0.0898889356793365	0.0238895642238679	0.0530960625073504
610	0	0.999130142159155	0.000774969017251937	9.48888235926327e-05
611	0.0578396646032822	0.190183483658356	0.659279460175074	0.0926973915632886
612	0.0335597446987253	0.43731867608631	0.129502047936648	0.399619531278317
613	0.0414934224326566	0.857596113599211	0.0799023030547339	0.0210081609133982
614	0	0.950010136394234	0.0471695847248103	0.00282027888095602
615	0.093262952066286	0.567914548960483	0.225180900659359	0.113641598313872
616	0.0556812006696357	0.819463092342158	0.0948367049251919	0.0300190020630143
617	0.057363590133666	0.19291741219322	0.164988989370281	0.584730008302834
618	0.00856440591741828	0.158035315149927	0.0457702263022993	0.787630052630355
619	0	0	1	0
620	0	0	0	1
621	0.902270520639542	0.0678209831178284	0.022547002107877	0.00736149413475203
622	0	0	0.992724680054269	0.00727531994573098
623	0.995493063788201	0.00436854116954298	0	0.000138395042256068
624	0	0	1	0
625	0.111468773235215	0.429634160832731	0.346686760759261	0.112210305172793
626	0	0	0	1
627	0.0676712743044306	0.215953168973465	0.611511655954866	0.104863900767239
628	0	0	0	1
629	0	0.999999972664255	0	2.73357452430154e-08
630	0	0	0	1
631	0.0688235425810682	0.633435286032163	0.19162924005149	0.106111931335278
632	0.0147630170854854	0.0705950193603058	0.886598909256551	0.0280430542976581
633	0	0.988056544826398	0	0.011943455173602
634	0	0	0.942949885747527	0.0570501142524732
635	0	0.0359767900058722	0.081811511534459	0.882211698459669
636	0.0229043806747119	0.847464604473279	0.0887548808105539	0.040876134041455
637	0.00901520901723916	0.208521537447877	0.0489083066911436	0.73355494684374
638	1	0	0	0
639	0.00772491977847369	0.889603688956224	0.0867342240701432	0.0159371671951587
640	0	1.95157973173753e-05	4.25152418045425e-06	0.999976232678502
641	0.0295640624291373	0.137649438679441	0.466851122854748	0.365935376036674
642	0.0578396667655982	0.190183563930876	0.659279359160782	0.0926974101427445
643	0	1	0	0
644	0	0	1	0
645	0	0.73050483077772	0.239850299015168	0.0296448702071125
646	0.0578396646032822	0.190183483658356	0.659279460175074	0.0926973915632886
647	0.32788931707613	0.345925403716408	0.209156985103749	0.117028294103714
648	0.00274891935199009	0.0188899545307857	0.972183579103447	0.00617754701377723
649	0.00127259409917786	0.294725367597124	0.703602941882804	0.000399096420893837
650	0.00629535777648393	0.948654977574178	0.0324536959916776	0.0125959686576601
651	0	0.390796242550683	0.132251039979733	0.476952717469584
652	0.0794825188782063	0.537117216998547	0.197121827003304	0.186278437119943
653	0.00123572700831154	0.943370996853989	0.0123858668740504	0.0430074092636495
654	0.483887777920793	0.355993891105298	0.110497295726815	0.0496210352470933
655	0	0.580088931695472	0.419911068304528	0
656	0	1	0	0
657	8.23586076524594e-05	0.00569672728176683	0.00131096423929328	0.992909949871287
658	0.0108570444116475	0.220333281387346	0.0623602018384505	0.706449472362556
659	0	0	1	0
660	0.0137843981417868	0.726875056530825	0.0723518948075125	0.186988650519875
661	0	0.933899543191083	0.0659339930364083	0.000166463772509161
662	0	0.986484254760262	0.0128974407182667	0.000618304521470969
663	1	0	0	0
664	0.00944591801309928	0.212724887709154	0.757481518714774	0.0203476755629724
665	0.067711691135449	0.588566429200689	0.238962524432229	0.104759355231633
666	0	1	0	0
667	0	1	0	0
668	0.0276244150614881	0.21541664978988	0.733385965426367	0.0235729697222647
669	0.214030546198241	0.693277340014439	0.0663867038821427	0.0263054099051775
670	0	0	1	0
671	0.457220474507017	0.303862023868735	0.189079805286778	0.0498376963374698
672	0.194123468002614	0.359801362674948	0.279806513642848	0.166268655679591
673	0	0	0.0441008335482145	0.955899166451786
674	0	0.260761342029084	0.626585102041479	0.112653555929437
675	0.0677215502363202	0.590998688894812	0.190894597291164	0.150385163577704
676	0	0.99999996865882	0	3.13411803037372e-08
677	0	0	0	1
678	0	0	0	1
679	0.0295639868073293	0.137643766873736	0.466857507508038	0.365934738810897
680	0	0	0	1
681	0	0.443397512612898	0	0.556602487387102
682	0.280818289703564	0.291457484480311	0.382948453974393	0.0447757718417328
683	0	0.942689803423467	0.0471298094979167	0.010180387078616
684	0.0688235441015458	0.633435347388923	0.191629175357856	0.106111933151676
685	0	0	0.842441209462347	0.157558790537653
686	0	0	0.982537127544551	0.0174628724554489
687	0.0688235441015293	0.633435347388251	0.191629175358565	0.106111933151656
688	0.00144284834851384	0.430413146885309	0.139710699663027	0.42843330510315
689	0	0	0	1
690	0	1	0	0
691	0	0	0.0143746722853728	0.985625327714627
692	0	0	0	1
693	0.684897375638342	0.135498390238344	0.1147391692174	0.0648650649059145
694	0.031469970314129	0.401817518541899	0.488663279302661	0.0780492318413112
695	0.156674817114822	0.233100892688608	0.200073731471411	0.41015055872516
696	0	1	0	0
697	0.0190771497274553	0.933534248174851	0.0182857452083688	0.0291028568893245
698	0	0	1	0
699	0	0	0	1
700	0.0688235441015449	0.63343534738888	0.1916291753579	0.106111933151675
701	0.901615491356639	0.0224316419867818	0.0688776175187913	0.0070752491377884
702	0.0233802182961536	0.824181578404105	0.107760582446559	0.0446776208531824
703	0.0072480722517126	0.247458396682285	0.567547211495998	0.177746319570005
