id	0	1	2	3
0	0.00173634907576858	0.953460653710356	0.0270230663878988	0.0177799308259764
1	0.00399339443810535	0.472636599900908	0.182786309385932	0.340583696275054
2	1.05281695746091e-21	1	0	0
3	0.0337008423264066	0.449168849974458	0.474120087568325	0.0430102201308105
4	1	0	0	0
5	3.20407838994383e-09	0.999999996795922	0	0
6	0.000103361086170164	0.999863800251951	0	3.28386618783551e-05
7	0.060484442160899	0.634240184225645	0.19648599827428	0.108789375339175
8	0.033338140127277	0.487904293101109	0.43543424282213	0.043323323949484
9	0.00499228991388623	0.0976148546746829	0.0128810067704207	0.88451184864101
10	0.000633961129837065	0.999366038870163	0	0
11	0.0255382973589274	0.841109904195684	0.0904920774313605	0.0428597210140286
12	2.81775267011581e-09	0.999999997182247	0	0
13	1	0	0	0
14	0.0112013072652082	0.316978718964205	0.665909162307086	0.00591081146350155
15	0.0607028722787904	0.936176872161068	0	0.00312025556014181
16	0.0495727373342386	0.651325592306724	0.278477002553719	0.0206246678053179
17	0.0158175376564368	0.0853131199917851	0.883518108161186	0.0153512341905922
18	0	0	1	0
19	0.132443363385807	0.653254259815732	0.0461842112711482	0.168118165527312
20	0.0512582393514305	0.217511301271834	0.661120454494665	0.0701100048820703
21	0	0.950590843922672	0.0494091560773283	0
22	0.0061901204660841	0.863364453654358	0.0223982250482022	0.108047200831355
23	1	0	0	0
24	0.00616458660017632	0.908909421050773	0.069286164824895	0.0156398275241554
25	0.0604844417136598	0.634240175482383	0.196485996414844	0.108789386389113
26	0.00979372266729423	0.935270717886719	0.0405157658697299	0.0144197935762565
27	0.0256466169347854	0.835908720643823	0.0955829395475417	0.0428617228738503
28	0.981186593529137	0.0150497094968438	0.00294713589416425	0.00081656107985494
29	0	0.991884724806693	0	0.00811527519330677
30	0	0.999995629991819	0	4.37000818050245e-06
31	0.84526987062465	0.0456577060350493	0.102201351072654	0.00687107226764752
32	0	0	0	1
33	0	0	1	0
34	0.703642003398378	0.0246584942577144	0.00160042823105824	0.270099074112849
35	0	0	1	0
36	0.991516153280815	0.00486056615145692	0.00273734261833411	0.000885937949394124
37	0	0.999609030121443	0	0.000390969878557027
38	0.563608607456277	0.418348828745333	0.0180425637983898	0
39	0.183563801303817	0.511852019135132	0.219816010979116	0.084768168581936
40	0.844121665090182	0.145620159440189	0.0046093737687602	0.0056488017008678
41	0	0.997041350930992	0	0.00295864906900816
42	0.0336982825266582	0.449291763795335	0.473999780744069	0.0430101729339379
43	0.0866522294065561	0.869805274634892	0	0.0435424959585521
44	0.0430926715227732	0.20279756439823	0.392513518434716	0.361596245644281
45	0.0168378270444008	0.704740119320261	0.258375304213691	0.0200467494216474
46	0.0198919883854454	0.384801463013037	0.509449621161291	0.0858569274402263
47	0	1	0	0
48	0.0175996210437361	0.337014587489298	0.644512597329462	0.000873194137504163
49	0	1	0	0
50	0.00221852925804823	0.978293533554008	0.0109763789769005	0.00851155821104319
51	0	0	0	1
52	0.183382415464582	0.666673959189859	0.128925489833398	0.0210181355121604
53	0.040622979883518	0.0331931915910871	0.92400089495609	0.00218293356930534
54	0	0	0	1
55	0.0298176999773506	0.324802193938389	0.0877208671039507	0.557659238980309
56	0.00108620432392585	0.998913795676074	0	0
57	0.0767008063895476	0.304046705374226	0.490733833314717	0.12851865492151
58	0	0	1	0
59	0.058361303976939	0.128740390764957	0.0145774220422556	0.798320883215848
60	0	0.852930297181061	0.0146969991660311	0.132372703652908
61	0	0	1	0
62	0.000343872412727728	0.999656127587272	0	0
63	0.160009917660321	0.479360642449369	0.279293947984106	0.0813354919062031
64	1	0	0	0
65	0.000909169918447408	0.0267225397340442	0.971952543250593	0.00041574709691518
66	8.28596404228733e-10	0.999999999171404	0	0
67	1	0	0	0
68	1	0	0	0
69	0.00464334051731586	0.693132471595269	0.297768526374532	0.00445566151288296
70	0	0.997308451154009	0.00269154884599085	0
71	0.0337068297400852	0.457031295857882	0.466249159729033	0.0430127146729999
72	0	0.955013614170021	0	0.0449863858299789
73	0	0	1	0
74	0.0604844148374029	0.634237554867261	0.196488898214318	0.108789132081019
75	0.00363899797964072	0.996361002020359	0	0
76	0.924286752522369	0.0392901235491395	0.0258321273833174	0.0105909965451745
77	0.541541412333607	0.213080190862115	0.15971936763856	0.0856590291657183
78	0.00181733019510234	0.980766684270821	0.0174159855340767	0
79	0.00223306939759814	0.996607440506718	0	0.00115949009568345
80	0.015084514893757	0.619028499612144	0.276336494044113	0.0895504914499868
81	0.864291615271526	0.135708384728474	0	0
82	0.0276935639426143	0.963347381462424	0	0.00895905459496165
83	0.00107296750255265	0.0099359715622399	0.988405370223689	0.000585690711517938
84	1	0	0	0
85	1	0	0	0
86	0.99962017373374	0.000379826266260381	0	0
87	0.0158175375804581	0.08531311844591	0.883518109900552	0.0153512340730804
88	0.73824090590996	0.0394894783122835	0.0500617630853984	0.172207852692358
89	0.00188542314111486	0.997927569030016	0	0.000187007828868853
90	0.0158231505621301	0.0854273209333409	0.883389613181748	0.015359915322781
91	0.129946750137061	0.21469868963652	0.647580108461505	0.00777445176491411
92	0.257138492218975	0.338140876595672	0.389787979594848	0.0149326515905043
93	0	0	1	0
94	0.00501947622572748	0.0971220891823432	0.0134404504286346	0.884417984163295
95	0.000861802313356489	0.960250393969441	0.0388878037172021	0
96	0	0	0	1
97	0.0610225513301656	0.633364130515148	0.196881921577501	0.108731396577186
98	0.0860700369617152	0.73250508643287	0.181424876605415	0
99	0.0332755006237032	0.444790136309546	0.479484739903557	0.0424496231631941
100	0	0.99999880199455	0	1.19800544988047e-06
101	0.0512582471463506	0.217511653245616	0.661120062056881	0.0701100375511518
102	0.0365696659971059	0.166720422884452	0.0970581700025557	0.699651741115887
103	0.00501310881109583	0.0312092554107501	0.0118569258362464	0.951920709941908
104	0.0313235413586	0.31810178388262	0.579656452334633	0.0709182224241478
105	0.000215928171681407	0.999784071828319	0	0
106	0.551380242394252	0.207687719963584	0.158993952100727	0.0819380855414369
107	4.65968059980886e-06	0.999969999295784	2.53410236158171e-05	0
108	0.99964630995499	0.000353690045009486	0	0
109	0.00113210168056063	0.970649646036928	0.0170542534924488	0.0111639987900628
110	0.9243231329065	0.039281282726283	0.0258063235527774	0.01058926081444
111	0.0448125960592141	0.924750985600562	0.0238354047776053	0.00660101356261869
112	2.09403578440446e-05	0.999979059642156	0	0
113	0.0842219010562649	0.471199374272895	0.2733541942538	0.17122453041704
114	0	0.993658726663876	0.0063412733361236	0
115	0.00304441625499675	0.979059108397417	0.0134670873355857	0.00442938801200029
116	0	1	0	0
117	0.00904772912549246	0.5977302904917	0.320754513736635	0.0724674666461727
118	0	0.946799287537193	0.0532007124628066	0
119	0.00234443761366427	0.996189282972364	0	0.00146627941397214
120	4.30165306217418e-08	0.999999956983469	0	0
121	0	0	1	0
122	0	0	1	0
123	0.998036264093359	0.00119198283699885	0.00026349411963437	0.000508258950008278
124	0.937524086843256	0.00405619675307903	0.00018941773270755	0.0582302986709569
125	0.000246146681686431	0.00372268072989577	0.995184149125191	0.000847023463226927
126	0	0.998826154398639	0	0.00117384560136074
127	0.0512582393514305	0.217511301271834	0.661120454494665	0.0701100048820703
128	0.0119509495410172	0.682774293138496	0.164067910955429	0.141206846365058
129	0.0255438031086668	0.840845439287935	0.0907507937404175	0.0428599638629808
130	0.137687081945431	0.562761112931347	0.255438455253438	0.0441133498697847
131	0	0	1	0
132	0.00501310881109583	0.0312092554107501	0.0118569258362464	0.951920709941908
133	0.0173949896047199	0.95883703841877	0.0237679719765104	0
134	0.00153401234749342	0.0528977772964399	0.945568210356067	0
135	0.000308355243507042	0.999691644756493	0	0
136	1	0	0	0
137	0	0.999071614481822	0	0.000928385518178412
138	0.00752154273768046	0.919451490347141	0.062814342677211	0.0102126242379677
139	0	0	1	0
140	0	0	0	1
141	0	0	1	0
142	0	0	0	1
143	0.0324755199925289	0.460632848585903	0.0507541468135649	0.456137484608004
144	0	0.0565694263282477	0.00310018546750889	0.940330388204243
145	0.000519975003161253	0.999480024996839	0	0
146	0.000313613231578316	0.999686386768422	0	0
147	0	0	1	0
148	0.00297006091279656	0.997029939087203	0	0
149	0	0	1	0
150	0.00289671984769211	0.99685573408825	0	0.000247546064057562
151	0.00263500818266411	0.73107689389338	0.00632686124992403	0.259961236674031
152	0.000583323750017962	0.999416676249982	0	0
153	0.000147057410597689	0.999852942589402	0	0
154	0.00380997381801532	0.230837375894171	0.0106874014922849	0.754665248795529
155	0.00349363466525831	0.0757565268657693	0.918501613197066	0.00224822527190605
156	0	1	0	0
157	0	0.0928925263343234	0.0020330689846058	0.905074404681071
158	0	0.771446788968866	0	0.228553211031134
159	0.313246603860961	0.482095226559423	0.125390209943906	0.0792679596357095
160	0	0	0	1
161	0.888871526309609	0.0888507270694341	0.0212697470891173	0.00100799953183962
162	0.0512582393514305	0.217511301271834	0.661120454494665	0.0701100048820703
163	0.039159316612438	0.960821781501916	0	1.8901885645986e-05
164	0	0	0	1
165	0.000106014425034654	0.999893985574965	0	0
166	0.00306563582006629	0.996934364179934	0	0
167	0	0	1	0
168	0.006146722202188	0.877708184340035	0.0252851296015681	0.0908599638562084
169	0.00043480009320838	0.375141396757499	0.406613212829324	0.217810590319969
170	0.00154947660884082	0.373674922415253	0.560457158531742	0.0643184424441648
171	0.000246703553782501	0.999753296446217	0	0
172	0	1	0	0
173	0.999997381731386	2.6182686140829e-06	0	0
174	0	1	0	0
175	0.00140979110627631	0.455987609191348	0.470418094549471	0.0721845051529044
176	0.000128165728002347	0.999871834271998	0	0
177	0.00408669671329613	0.0293992911522667	0.963670092057106	0.00284392007733078
178	0.260167000235617	0.707513411264654	0.0293764444752703	0.00294314402445939
179	0.0324745279381804	0.96752547206182	0	0
180	0.00594958489469084	0.994050415105309	0	0
181	0.101302677822761	0.269598703369015	0.621446643338727	0.00765197546949708
182	0.0494226202486792	0.949696266268844	0	0.000881113482476278
183	0.244390626627921	0.753043052688131	0	0.00256632068394801
184	0.00384448600720838	0.996155513992792	0	0
185	0	0	0	1
186	0	0	0	1
187	2.17758961496752e-09	2.79352549045622e-06	0.99999720429692	0
188	0.954092737983665	0.0429864093838256	0.00287560112236126	4.52515101479741e-05
189	0.00429613872921423	0.0402181884010453	0.926122462242588	0.0293632106271528
190	0.000880363356799707	0.99618778561727	0.00246031428255977	0.000471536743370971
191	8.65773161664708e-05	0.0341582482342067	0.965755174449627	0
192	0.308047964208971	0.158447878335809	0.0791592398454019	0.454344917609818
193	0.99877124689744	0.00122875310255966	0	0
194	0	0.999935141859306	0	6.48581406937083e-05
195	0.00413027190172068	0.69435471598739	0.298255880829739	0.00325913128114999
196	0	0	1	0
197	0	0	1	0
198	6.79678781490543e-13	0.99999999999932	0	0
199	0.000501660399989275	0.0399368017938345	0.95787116013881	0.00169037766736665
200	0.00321259421674335	0.348613990614956	0.645934055230587	0.00223935993771406
201	0.00194001684332651	0.998059983156674	0	0
202	0.00581902073661751	0.142428574252886	0.0157495178486713	0.836002887161825
203	1	0	0	0
204	0.0275523129302606	0.42278706597727	0.0807948970039333	0.468865724088537
205	1	0	0	0
206	0	1	0	0
207	0.0285805693625216	0.346808801244118	0.145726952866008	0.478883676527353
208	0.763869010542221	0.129595097052485	0.100742083988446	0.00579380841684872
209	0.999808667624019	7.77009646021928e-05	0.000109904487897142	3.72692348160388e-06
210	6.5511595818618e-08	0.999999934488404	0	0
211	0.0642160555714807	0.532212199971481	0.403571744457038	0
212	0	1	0	0
213	0.999999999999891	1.08713890171182e-13	0	0
214	0.319626904438631	0.680373095561369	0	0
215	0.00303106892535211	0.99671931248716	0	0.000249618587487449
216	0	0.933384868639877	0.0666151313601228	0
217	0.000769816204071812	0.998964678001724	0	0.000265505794204746
218	0.0555563046592669	0.935501941442925	0.00284788102494066	0.00609387287286783
219	0.0392066195501738	0.174133385851368	0.0988721884941956	0.687787806104262
220	0.00043870167427659	0.999561298325723	0	0
221	0.00807415623055426	0.195435086953972	0.78943749467474	0.00705326214073321
222	0.012658957332014	0.19401919566372	0.781722118469208	0.0115997285350573
223	0.110330098653584	0.207392311876923	0.674614357045599	0.0076632324238935
224	0.000982674900631811	0.126129143507434	0.667597675603963	0.205290505987972
225	0.000508482517236724	0.999491517482763	0	0
226	0.998593166867209	0.00122938973081998	0.000138744659040813	3.86987429296303e-05
227	0.0144248442095094	0.380271787418662	0.195816342790269	0.40948702558156
228	0.279102748594684	0.238473170425025	0.0454386527266345	0.436985428253657
229	2.76035361078012e-05	0.999951820229511	0	2.05762343816647e-05
230	0	0	1	0
231	0.00502565601169485	0.0314113343697627	0.011894716468316	0.951668293150226
232	0.843725845094227	0.156270069862025	0	4.08504374738789e-06
233	0.0115666741535663	0.983540031926309	0	0.0048932939201249
234	0.218843484133477	0.130001385137497	0.0614589313364609	0.589696199392566
235	0.0592440467640416	0.855350348450632	0.0854056047853264	0
236	2.3729177637998e-06	0.99999247241862	0	5.15466361667145e-06
237	1	0	0	0
238	0	0	1	0
239	0.0892801743074456	0.609218801464302	0.194286733988025	0.107214290240227
240	0	0.918019969370202	0	0.0819800306297976
241	0	0	1	0
242	0.471459884209795	0.527774438121163	0	0.000765677669042129
243	0	0	1	0
244	1	0	0	0
245	0.00501310881109583	0.0312092554107501	0.0118569258362464	0.951920709941908
246	7.35444770352e-05	0.0723778249853789	0.0317681706290312	0.895780459908555
247	0.000943172859083609	0.999056827140916	0	0
248	0.060484442160899	0.634240184225645	0.19648599827428	0.108789375339175
249	0.00363140514384409	0.992074544733766	0	0.00429405012238937
250	0.036586915584086	0.167057095035772	0.0971299010054226	0.699226088374719
251	0.058749014081478	0.555849916426292	0.283886464059382	0.101514605432848
252	1	0	0	0
253	0.00300201794769942	0.403686208090259	0.0181599923498527	0.575151781612189
254	0	0.999999262892928	0	7.37107071513331e-07
255	0.0260870240028	0.83333771667426	0.0974466486742504	0.0431286106486894
256	0	1	0	0
257	0.000945743528304027	0.00824760012571173	0.990344455165598	0.00046220118038573
258	0	0.999998978429995	0	1.02157000525126e-06
259	0.000723279202943403	0.390070570989622	0.583050890787329	0.0261552590201058
260	0	0	1	0
261	0	0	1	0
262	0.000946151525269614	0.00825833275263956	0.990333028997286	0.000462486724804639
263	0.000106254289974654	0.997201292133081	0.00234948169478573	0.000342971882158682
264	0	1	0	0
265	0.0203063453355004	0.405635219198036	0.271959257514153	0.302099177952311
266	0.014644617421773	0.739542196434489	0.103042889178272	0.142770296965466
267	0.0530564095783417	0.81947170737788	0.0785468120083366	0.0489250710354421
268	0.0604841730828971	0.634228027487255	0.19649955243645	0.108788246993398
269	0	1	0	0
270	1	0	0	0
271	0	0	1	0
272	0	0	1	0
273	1	0	0	0
274	0.0192225206457851	0.894565410037372	0.0560939410491594	0.0301181282676839
275	0.791993569969111	0.0590844217699531	0.0848807548068521	0.0640412534540835
276	0	0.999633966944732	0.00036603305526847	0
277	0	1	0	0
278	0	0.999023188808779	0	0.00097681119122042
279	1	0	0	0
280	0.022516373794965	0.409682113251597	0.282629471963211	0.285172040990228
281	0	0.9999421116775	5.7888322499954e-05	0
282	0.0404181656027274	0.0326738418110596	0.924741531186566	0.0021664613996468
283	0.0604899859925768	0.629796549827454	0.201333874433099	0.10837958974687
284	0.046789310686873	0.256928341158794	0.183182030242743	0.51310031791159
285	0.574868152205482	0.423202962573557	0	0.00192888522096163
286	0	0	0	1
287	0.060483051632445	0.634212546798285	0.196480828006156	0.108823573563115
288	0	0	0	1
289	0	0.988032963812438	0	0.0119670361875624
290	0	0	1	0
291	0.0607994354175853	0.177701707543471	0.0182746538643923	0.743224203174551
292	0.000725367812154682	0.998920272597144	0	0.000354359590700954
293	0.00234276297164486	0.94744736186414	0.0321700139059424	0.0180398612582732
294	0.0337008420897119	0.449168860824298	0.474120076968145	0.0430102201178451
295	0.0114971816349831	0.988502818365017	0	0
296	0.0649265647649045	0.918931036653117	0	0.0161423985819783
297	0	1	0	0
298	0	1	0	0
299	1.32653168421014e-09	0.999999998673468	0	0
300	0	0	0	1
301	0.000860329442055405	0.979219359136295	0.0186451792491211	0.00127513217252892
302	0	0.999944657423999	0	5.53425760010483e-05
303	0.00326649885387266	0.144923495230059	0.838402231897591	0.0134077740184772
304	0.00195144854085004	0.917924093609133	0.0382992336176084	0.0418252242324087
305	0	1	0	0
306	0.0655240558363014	0.379131124847471	0.542966207252542	0.0123786120636857
307	0.000181738293907288	0.999818261706093	0	0
308	0.42362819642154	0.412000237798386	0.0140137300220182	0.150357835758055
309	0	1	0	0
310	0	0	1	0
311	0.000163851625600765	0.99841875091908	0.00141739745531949	0
312	0	0	0	1
313	0.000981563393806202	0.999018436606194	0	0
314	0.0168032407619748	0.983196759238025	0	0
315	0.00196364298963008	0.996411854394794	0	0.00162450261557554
316	0.00643158915594913	0.929347691877776	0.0642207189662752	0
317	0.0604844389309181	0.634240121081382	0.196485984845386	0.108789455142315
318	5.68737010940488e-10	0.999999999431263	0	0
319	0	1	0	0
320	0.0319269452598205	0.795464507945109	0.116599517740903	0.0560090290541676
321	0.0332096591315378	0.920008450863288	0.0126958705548105	0.0340860194503636
322	0.00687187903552074	0.729116605984282	0.255898352358043	0.00811316262215492
323	0.0604844421608982	0.634240184225629	0.196485998274277	0.108789375339196
324	0	0	0	1
325	0.0604864066058311	0.634128934352194	0.196605475754879	0.108779183287096
326	0	0.999955254189583	4.47458104175047e-05	0
327	0.000197150333503394	0.0130906991250423	0.981004782618428	0.0057073679230265
328	0.0578459719427958	0.371080338238736	0.497570456764052	0.0735032330544154
329	0	0	0	1
330	0.0189931330945097	0.58521300303978	0.368489126818718	0.0273047370469922
331	0.0168355310509211	0.704768405940673	0.258348004253784	0.0200480587546217
332	0.000854764031655711	0.0234622452898037	0.975292943095506	0.000390047583034884
333	0	0	0	1
334	0	0.989397829925311	0.0106021700746888	0
335	0	0	1	0
336	0.128878791282473	0.348920005308498	0.1410517571655	0.381149446243528
337	0	0.111290930465286	0.278250420794174	0.61045864874054
338	0.0290189019162508	0.749982901516563	0.175820868752747	0.0451773278144392
339	0.99809385872717	0.00189376761267797	0	1.23736601517122e-05
340	0.462273357122801	0.443387946482487	0.0943386963947117	0
341	0.00484396391507205	0.314596042350348	0.0143204138253674	0.666239579909212
342	0.0604844421608982	0.634240184225629	0.196485998274277	0.108789375339196
343	1.04548602236776e-05	0.999989545139776	0	0
344	0.00501310881109583	0.0312092554107501	0.0118569258362464	0.951920709941908
345	0.0638198569065897	0.786528416030041	0.143763034473329	0.00588869259003945
346	0.000621196119857872	0.999378803880142	0	0
347	0	0	1	0
348	0.081112744341189	0.00877757178713518	0.00160270012051146	0.908506983751164
349	0.260361672215137	0.717947559434142	0.0152683102509283	0.00642245809979322
350	0.00554036086491195	0.0557513536216905	0.00886331008698066	0.929844975426417
351	0.0255382973582288	0.84110990422831	0.0904920773994499	0.0428597210140113
352	0.0064402898457627	0.993296990102388	0.000262720051848781	0
353	0.0604844421567661	0.63424018123899	0.196486001540701	0.108789375063542
354	0	0	0	1
355	0.0152208730294357	0.412547679232002	0.546152774538996	0.0260786731995655
356	0	0	1	0
357	0.036576139937276	0.166846611243187	0.0970852137624613	0.699492035057076
358	0	0	1	0
359	0.153257299083309	0.49404029309038	0.121878231701927	0.230824176124384
360	0.060484442160899	0.634240184225645	0.19648599827428	0.108789375339175
361	0	0	0	1
362	0.03545789456734	0.71648177196147	0.202270626516806	0.0457897069543839
363	0.0704627086492642	0.176807813804091	0.0750701584622632	0.677659319084382
364	0.0133688102474775	0.136529243411028	0.790589236396276	0.0595127099452184
365	0.00119875359820045	0.99864073896639	0	0.000160507435409746
366	0.00309521905132284	0.564852018982276	0.220181449892257	0.211871312074144
367	0	6.70211318237769e-05	3.92330629452428e-07	0.999932586537547
368	0.0552468760610583	0.397591868533945	0.460275740184682	0.0868855152203147
369	0.000363210053539985	0.987831684874608	0.00833298770926069	0.00347211736259131
370	0.0512582393514315	0.217511301271875	0.66112045449462	0.0701100048820741
371	0.611152942774026	0.0304381004808673	0.00557735326690142	0.352831603478205
372	0	0	1	0
373	0.0607409138043124	0.238719495067661	0.62822534255971	0.0723142485683167
374	1.27916174049512e-05	0.998013251231357	0.00197395715123855	0
375	0.00127058392719528	0.890578565094009	0.0989291861448249	0.00922166483397077
376	0.00429613872992826	0.040218188423478	0.926122462212098	0.0293632106344951
377	0.0604841730828971	0.634228027487255	0.19649955243645	0.108788246993398
378	0.0384495371085196	0.950440541895661	0	0.0111099209958197
379	0.0717802467710538	0.517185445549162	0.126757415020704	0.28427689265908
380	0	0	1	0
381	0.00910938011123745	0.941404882695646	0.03523107802796	0.0142546591651568
382	3.5303186326448e-08	0.999999964696814	0	0
383	0.000410640152950185	0.99958935984705	0	0
384	0.00208344208327069	0.997916405299748	0	1.52616980773612e-07
385	0.303274487847744	0.589140107296787	0.0670357199922861	0.0405496848631836
386	0.0012214808634749	0.957475636306485	0.0413028828300396	0
387	0	0	0	1
388	0	0	1	0
389	2.89295112941422e-10	0.999999999710705	0	0
390	0.0158277950518542	0.0855108204966253	0.883295027390739	0.0153663570607821
391	0.00127810234549806	0.998721897654502	0	0
392	0.0604844389309181	0.634240121081382	0.196485984845386	0.108789455142315
393	0.015186652004873	0.682850108985208	0.047951287562265	0.254011951447654
394	0.00663912584359608	0.0668812992519121	0.29250126718214	0.633978307722352
395	0.00114003254305951	0.996408440906666	0	0.00245152655027476
396	0.0365696659971074	0.16672042288448	0.0970581700025618	0.699651741115851
397	0	0	0	1
398	0.0512582393514305	0.217511301271834	0.661120454494665	0.0701100048820703
399	0.00333926419647946	0.35861447002989	0.0228230866239185	0.615223179149712
400	0.0512582393514305	0.217511301271834	0.661120454494665	0.0701100048820703
401	0	0	1	0
402	0.0158195075804733	0.0853532002879951	0.883473011182958	0.0153542809485735
403	1.55483593847694e-05	0.999960382258733	0	2.40693818819267e-05
404	0	0.970693572546251	0	0.0293064274537485
405	0.047821632865191	0.686408428431779	0.242693412738849	0.0230765259641805
406	0.0333327282389853	0.890033466348814	0.0766338054122003	0
407	0.0272262488615659	0.283586832744246	0.676699575977987	0.0124873424162008
408	0	0.997699553593193	0	0.00230044640680702
409	0.0226738435771805	0.164285028590676	0.791317587004391	0.021723540827752
410	0.0604839199922226	0.634216598924773	0.196512294851969	0.108787186231036
411	0	1	0	0
412	0.0474388036641748	0.305329761485815	0.187861900182365	0.459369534667645
413	0.0125356060499498	0.212360143392847	0.763752460505099	0.0113517900521039
414	0.0100408934419213	0.734275233009563	0.032065704930525	0.223618168617991
415	0.0512582393577565	0.217511301557565	0.661120454176087	0.070110004908591
416	0.00910113617755443	0.941471219972572	0.0351759145168357	0.0142517293330378
417	0.00352668149834833	0.111321802230837	0.864008535230362	0.0211429810404529
418	0.00905417731709559	0.507725938137764	0.471350208623586	0.0118696759215544
419	0.0533055548770832	0.257624244264548	0.61515072794192	0.0739194729164485
420	0.0147546723362089	0.10867436982005	0.734449979900269	0.142120977943472
421	0.0512601769195732	0.217594799240881	0.66102708118524	0.0701179426543055
422	0.00421638947570837	0.0990163585263109	0.893658272083946	0.0031089799140344
423	0	0	0	1
424	0.0181651878962908	0.567064596388347	0.0594882209311205	0.355281994784241
425	0	0	1	0
426	0	0.0021199631089172	0.0001872609368628	0.99769277595422
427	0.00803063882357964	0.418050349412409	0.539237174306125	0.0346818374578866
428	0.0591532862969776	0.555420743916671	0.283500549311539	0.101925420474812
429	0.0034878174277426	0.0669747013275667	0.925965733436509	0.0035717478081814
430	0	0	1	0
431	0.0111018249720898	0.710600447647023	0.137521660925417	0.14077606645547
432	0.0118802144930233	0.6857713281781	0.161646147162986	0.140702310165891
433	0.0397341627554713	0.957713745749919	0	0.00255209149460977
434	1.3879711541058e-05	0.999986120288459	0	0
435	0.00278912648585399	0.914864384993223	0.00847562676317041	0.073870861757753
436	0.0604844421608955	0.634240184225489	0.196485998274454	0.108789375339161
437	0.37932551316929	0.448767821376029	0.119309664316162	0.0525970011385189
438	0.00501310881109583	0.0312092554107501	0.0118569258362464	0.951920709941908
439	0.0413885982234568	0.260634440850265	0.117536482343158	0.58044047858312
440	0	0.998075560831115	0	0.00192443916888463
441	2.02072634688834e-07	0.999999797927365	0	0
442	0.00958689635958158	0.128324632476299	0.842620648446026	0.0194678227180941
443	0.359327195017444	0.459484699547192	0.161949974654571	0.0192381307807931
444	0.541541412333607	0.213080190862115	0.15971936763856	0.0856590291657183
445	0.000445110954351248	0.998107830283403	0.00144705876224615	0
446	1	0	0	0
447	0.00619192699430412	0.157030195492197	0.0694301282620279	0.767347749251471
448	0.032294012964952	0.564690029076993	0.365029012978328	0.0379869449797271
449	0	0	1	0
450	0.000595698885557479	0.698984280198583	0.300075238470055	0.000344782445804513
451	0.033112385186354	0.43725669367039	0.48752947879506	0.0421014423481965
452	0.005907007516298	0.979799836979115	0.0142931555045864	0
453	5.59281594929065e-14	0.999999999999944	0	0
454	0.012850846514737	0.900242012498322	0.076461851149512	0.0104452898374291
455	0	0.989506725092809	0.0104932749071908	0
456	0.0365696659971059	0.166720422884452	0.0970581700025557	0.699651741115887
457	8.54284399713437e-32	1	0	0
458	0.0365828764643596	0.166978679658711	0.0971130936967524	0.699325350180177
459	0.00106122930922418	0.981290169946688	0.0165030830287849	0.00114551771530267
460	0.0512998386509374	0.219387915544455	0.659028054082905	0.0702841917217029
461	1.87899630268001e-05	0.999981210036973	0	0
462	0	0	0	1
463	0	0	0	1
464	1	0	0	0
465	1	0	0	0
466	0	0.655943541163376	0.344056458836624	0
467	0.00515294289727974	0.0524697800527383	0.938456820255357	0.00392045679462456
468	0.115483568422289	0.456121472575416	0.341747676598661	0.0866472824036342
469	0.0512582393514306	0.217511301271835	0.661120454494663	0.0701100048820705
470	0.000338965587538736	0.993161126199187	0.00649990821327402	0
471	0.683853188758482	0.286555501021518	0.0227719066171938	0.00681940360280573
472	0.0308818750409946	0.205723020645767	0.327068796937138	0.4363263073761
473	0.0365696671861352	0.166720446079916	0.0970581749549404	0.699651711779008
474	0.00489340388596272	0.357123273998002	0.0790036400660329	0.558979682050002
475	0.551380242468697	0.207687719898918	0.158993952095018	0.0819380855373673
476	0.00796925403380645	0.0970165044910985	0.883312272636496	0.0117019688385994
477	0	0	0	1
478	0.0861031567751676	0.732359428092144	0.181537415132688	0
479	0.0221908667819156	0.756875856536265	0.220933276681819	0
480	0.999456796421537	0.000543203578462952	0	0
481	0.060484440488255	0.634240108791857	0.196486082194666	0.108789368525222
482	0.0255985774266579	0.838654660934792	0.0927624160664484	0.0429843455721019
483	0.0540890487426444	0.913982953715902	0.023895780514385	0.00803221702706891
484	0.213653045435956	0.415435280326006	0.347147229001798	0.0237644452362396
485	0.17775572497673	0.07556445842102	0.0848283947259152	0.661851421876335
486	0	0.99469704622058	0.00530295377942001	0
487	0.162169751742709	0.777962779111575	0.0194339681272963	0.04043350101842
488	0.00326548924828732	0.975974819555321	0.014038262220037	0.00672142897635453
489	0.00159002299203934	0.856574037111769	0.140826277511195	0.00100966238499654
490	0.0170392590049287	0.695893587431193	0.26702350011171	0.020043653452168
491	0.000832615476539868	0.998386553184554	0	0.000780831338905762
492	0	0	0	1
493	0.0512582393514305	0.217511301271834	0.661120454494665	0.0701100048820703
494	0.0347288763029813	0.572003353864469	0.345583354740946	0.0476844150916044
495	0.00212768815384962	0.637087835409265	0.356672551483758	0.00411192495312787
496	0.0414700440285068	0.191983362688531	0.135558729618957	0.630987863664005
497	0	0	1	0
498	0.00349214391587008	0.966289041208203	0.0254249699626848	0.00479384491324216
499	0.022315026899286	0.171376680084234	0.783560186680676	0.022748106335804
500	0.0616948851673913	0.624710029583723	0.202467601082502	0.111127484166384
501	0.0512582393987665	0.217511303409853	0.661120452110866	0.0701100050805142
502	0.00297706140482237	0.977813256656549	0.0141884752028766	0.0050212067357521
503	0	0	1	0
504	0.0856969935406494	0.733464693627852	0.180838312831498	0
505	0.177192629839661	0.120061628461036	0.0467161851189243	0.656029556580379
506	0.0314505891284072	0.543194222195223	0.0924697958466771	0.332885392829693
507	0.0604842761285544	0.634234834977302	0.196489572563768	0.108791316330376
508	0.0334664791037515	0.933142488086983	0.0298539817486099	0.00353705106065549
509	0.0604771971084249	0.633796127073214	0.19697824066438	0.108748435153982
510	0.000776820465406024	0.107248464346024	0.889828349552492	0.0021463656360782
511	0.0512582393846346	0.217511302771598	0.661120452822494	0.0701100050212735
512	0.0138887019036129	0.367215637459169	0.604809125242567	0.0140865353946512
513	0.0081333892520605	0.46467636263234	0.520209580029471	0.00698066808612852
514	0.0512582405399717	0.217511354519076	0.661120395116308	0.0701100098246443
515	0.0148384657009525	0.111823302060413	0.729708186508181	0.143630045730454
516	0.0538635201158527	0.683883238016132	0.155588005132832	0.106665236735183
517	0	1	0	0
518	0.051261132718547	0.217641988800745	0.660974743622647	0.0701221348580611
519	0.028869124278374	0.417309938789117	0.0882221044629943	0.465598832469514
520	0	0	1	0
521	0.996651253070796	0.00216163431581072	0.000558302570795259	0.000628810042597637
522	0.532581023521637	0.216493115218351	0.168414812398342	0.0825110488616701
523	0	0	1	0
524	0.0689561501299104	0.931042182353538	0	1.66751655109869e-06
525	0.0333327282389802	0.890033466348944	0.0766338054120764	0
526	0.757801407301687	0.0907206262063622	0.0509697729670709	0.10050819352488
527	0.0604829171648145	0.634171318745928	0.196562746306487	0.108783017782771
528	0.00212817410791692	0.0238729449992051	0.00813183069831354	0.965867050194564
529	0.00242261571233666	0.372085853619051	0.6231030517777	0.00238847889091242
530	0	0	0	1
531	0	0	1	0
532	0.00010138345214149	0.665889925559552	0.334008690988307	0
533	0	0	1	0
534	0	0	0.00300245712109536	0.996997542878905
535	0.0413885982234568	0.260634440850265	0.117536482343158	0.58044047858312
536	0.0591219523410204	0.524743372336554	0.316370150328211	0.0997645249942145
537	0.0365696659971059	0.166720422884452	0.0970581700025557	0.699651741115887
538	0.0353949873134745	0.601404106201275	0.112061039053662	0.251139867431588
539	0.00072803277766904	0.0522514858921665	0.945202698141617	0.00181778318854722
540	0.0512583917427008	0.217518184351232	0.661112780159686	0.0701106437463809
541	0	0	1	0
542	0.14559849389664	0.361674087817293	0.47396073857849	0.0187666797075777
543	0.00499224127947278	0.0976163418827943	0.012879276337369	0.884512140500364
544	0.0365696659971059	0.166720422884452	0.0970581700025557	0.699651741115887
545	0.00456521001270936	0.995290306932768	0	0.000144483054523196
546	0.0324886912694173	0.0694213797301322	0.0137921992909753	0.884297729709475
547	0.0365696672350085	0.166720445335003	0.097058175260382	0.699651712169607
548	0.34658558502564	0.526903765508329	0.0818772171510351	0.0446334323149966
549	0	0	1	0
550	0.00145665901347568	0.879445901866311	0.117915861065738	0.00118157805447527
551	0	0	0	1
552	0.379325316397172	0.448765744393904	0.119312052357992	0.0525968868509326
553	0.0513326207835616	0.22087095981876	0.657374582331996	0.0704218370656828
554	0.99927011937595	0.00072988062405049	0	0
555	1	0	0	0
556	1	0	0	0
557	0.0365696659971059	0.166720422884452	0.0970581700025557	0.699651741115887
558	0.0861397890699888	0.732299178529314	0.181561032400697	0
559	0	0.948026108065038	0.051973891934962	0
560	0.00519395917811443	0.925272047333216	0.0632115669006595	0.00632242658801003
561	1	0	0	0
562	0.0205423904861294	0.504779663665782	0.200378681169256	0.274299264678833
563	1	0	0	0
564	0	1	0	0
565	0.0512582393514306	0.217511301271837	0.661120454494662	0.0701100048820705
566	0.551380242468752	0.207687719898871	0.158993952095013	0.081938085537364
567	0.0416500931176554	0.731890944954289	0.147450880244822	0.0790080816832342
568	0.0264371466078438	0.833674610463454	0.095595744809319	0.0442924981193828
569	0.00520967948336928	0.0343875154710742	0.0124494073574738	0.947953397688083
570	0	0	0	1
571	0.371378373185604	0.628607809598512	0	1.38172158843295e-05
572	0.00484266542821833	0.858418415594789	0.12271189637551	0.0140270226014825
573	0	0	0	1
574	0.00501310996972018	0.0312092730982063	0.0118569294260696	0.951920687506004
575	2.238814267934e-05	0.0117294246961021	0.974627413755706	0.0136207734055126
576	2.12925847666525e-05	0.999940035999394	0	3.86714158391038e-05
577	4.0134951499058e-05	0.999959865048501	0	0
578	0.992319682804092	0.00757409018333944	0	0.000106227012568576
579	0.0256051471128798	0.839790805046379	0.0917207553803246	0.0428832924604166
580	0.0611170301828763	0.632618229487477	0.197540356962868	0.108724383366779
581	0.000349464031469533	0.995829270670378	0.00382126529815204	0
582	0.00351665588637698	0.261015817609462	0.0442087728102808	0.69125875369388
583	1	0	0	0
584	0.0413358467517993	0.0567921848383336	0.878015802904244	0.0238561655056232
585	0.0277093944433894	0.400641373104811	0.0803520785132606	0.491297153938539
586	0.00400593867383459	0.0276058853415279	0.965627191242475	0.00276098474216218
587	1	0	0	0
588	0	0	0	1
589	0	0	0	1
590	0.0512582394230214	0.217511302778386	0.661120452775429	0.070110005023164
591	0	0.883592336381748	0.116407663618253	0
592	1	0	0	0
593	0.0474319190955733	0.952568080904427	0	0
594	7.83142297833216e-06	0.999992167989884	0	5.87137437045516e-10
595	0.000524260069734697	0.999475739914113	0	1.61521193598828e-11
596	0.0431272691122233	0.719584946935314	0.063798315047233	0.173489468905229
597	0	0	0	1
598	0.00783511609657057	0.057585747861794	0.0237171022733682	0.910862033768267
599	0.0604854736954454	0.634239207713969	0.196485978057857	0.108789340532729
600	0.0114450828180717	0.959853749290303	0.0287011678916255	0
601	0	1	0	0
602	0.262248437893767	0.171450932940547	0.291847424709798	0.274453204455887
603	2.51971993621441e-05	0.999974802800638	0	0
604	0	1	0	0
605	0.0512582393577565	0.217511301557565	0.661120454176087	0.070110004908591
606	0	0.987203703389046	0.0127962966109544	0
607	0.0603877057347085	0.381291114915851	0.180855510355224	0.377465668994217
608	0.000189816722905761	0.998729525347653	0.00108065792944079	0
609	0.0642960591299013	0.1417102883265	0.0162329609543956	0.777760691589203
610	0.00371803472100388	0.996281965278996	0	0
611	0.0512582393514305	0.217511301271834	0.661120454494665	0.0701100048820703
612	0.0337008415992117	0.449168766398319	0.474120052112658	0.043010339889811
613	0.0171136303176212	0.839684798079008	0.068384350104862	0.0748172214985088
614	0.00224241132592312	0.952416818967105	0.0426386107187699	0.00270215898820192
615	0.0664652904820652	0.56346402453612	0.220179186375058	0.149891498606756
616	0.060484442160899	0.634240184225645	0.19648599827428	0.108789375339175
617	0.0519515541928689	0.230267213938778	0.646464570641924	0.0713166612264292
618	0.0147256340236039	0.212783484825892	0.759605287116082	0.0128855940344227
619	0	0	0	1
620	9.44074160137172e-08	0.999999905592584	0	0
621	0.00560562618784323	0.132782097621363	0.0150091135267943	0.846603162663999
622	0	1	0	0
623	0	0	1	0
624	0	0	0	1
625	0.0625166389455283	0.504359592181042	0.288765807194953	0.144357961678477
626	6.58578702269872e-08	0.99999993414213	0	0
627	0.0593786653534586	0.251597884147477	0.604690729849395	0.0843327206496688
628	1	0	0	0
629	5.49936068009618e-07	0.999998456975422	9.93088509672794e-07	0
630	8.79017260140129e-06	0.999991209827399	0	0
631	0.0604844421539872	0.63424018399724	0.196485998444048	0.108789375404725
632	0.0205614464712378	0.13151185266457	0.826932174857987	0.0209945260062048
633	0.0140851844711127	0.985884081528034	0	3.07340008536141e-05
634	6.19955830555914e-05	0.999938004416944	0	0
635	0.0419477058191698	0.944809206290987	0	0.013243087889843
636	0.0164132661012734	0.0950319267402096	0.870557258162717	0.0179975489957997
637	0.013926061479438	0.372417616140589	0.599483550656511	0.0141727717234627
638	0	0	1	0
639	0.00961930686724003	0.927636476333587	0.0359450373707488	0.0267991794284246
640	0	0	0	1
641	0.033700167543339	0.449165399862149	0.474125765157865	0.0430086674366466
642	0.0512582712618571	0.217511639563056	0.661120052182397	0.0701100369926889
643	0	0	0	1
644	0	0	0	1
645	0.00286991313814108	0.279636285065877	0.699811008144208	0.0176827936517738
646	0.0512582393514305	0.217511301271834	0.661120454494665	0.0701100048820703
647	0.0603877057347085	0.381291114915851	0.180855510355224	0.377465668994217
648	0.0125356063849133	0.212360148582085	0.763752454666176	0.0113517903668256
649	0	0.497743016089085	0.502256983910914	0
650	0.0091011361773123	0.941471219979983	0.0351759145098486	0.0142517293328563
651	0.00265872113829187	0.136102092127756	0.85521686052422	0.00602232620973137
652	0.0491729470432911	0.353821481604082	0.154963416072913	0.442042155279714
653	0.00705558023714395	0.518072822779034	0.415569516099736	0.0593020808840862
654	0.0184120554492232	0.240486886099541	0.0541439774334534	0.686957081017782
655	0	0	0	1
656	0	0	0	1
657	0.641424493310955	0.355698441595948	0	0.00287706509309724
658	0.278687534787251	0.383342658906624	0.265184676474581	0.072785129831544
659	0	0	0	1
660	0.0168352438520558	0.704694209780569	0.258422812901036	0.0200477334663388
661	0.0431715625381166	0.956828437461883	0	0
662	0.000879592787573131	0.999120407212427	0	0
663	0	0	1	0
664	0.0229144928268232	0.409484774100849	0.282359323866882	0.285241409205446
665	0.060517781409061	0.634206500579251	0.196488598064444	0.108787119947244
666	0	0	0	1
667	0	0	0	1
668	0.0185601033355219	0.415943079227612	0.512940296836618	0.0525565206002476
669	0.0861397890699888	0.732299178529314	0.181561032400697	0
670	0	0	0	1
671	0.0281929699109133	0.374136520702215	0.110332720772122	0.487337788614749
672	0.183030710129681	0.389840831962399	0.201724084569265	0.225404373338654
673	0.000394557972234549	0.999448876962889	0	0.000156565064876415
674	0.000221428851146665	0.0195795371660047	0.979873289268182	0.000325744714666388
675	0.0513560989049636	0.221839743945663	0.656291316528127	0.0705128406212461
676	4.12047008616885e-08	0.999974507697919	2.54510973798799e-05	0
677	1.92746477947104e-05	0.999980725352205	0	0
678	1.02811534758697e-06	0.999998971884652	0	0
679	0.0158202799244251	0.0853689145733069	0.883455330016916	0.0153554754853525
680	6.17511467356173e-08	0.999999938248853	0	0
681	0.426721936927838	0.573275802751188	0	2.26032097381913e-06
682	0.0369458031306944	0.359329817265319	0.316050337849969	0.287674041754018
683	0.000781962887628505	0.99872800579411	0	0.000490031318261098
684	0.0512589485613305	0.217543334845723	0.661084738462507	0.0701129781304392
685	1.91353457744528e-05	0.999893084787251	0	8.77798669744045e-05
686	0.000522728108105411	0.999116638612333	0	0.00036063327956186
687	0.0483336883454893	0.766190374571691	0.10471343826069	0.08076249882213
688	0.468321033826539	0.52823913241165	0	0.00343983376181116
689	0.000150344226113373	0.954269633524718	0.0455800222491683	0
690	0	0	0	1
691	0	0.999999959170232	0	4.08297676843218e-08
692	3.70074648126439e-06	0.999996299253519	0	0
693	0.0365696659971059	0.166720422884452	0.0970581700025557	0.699651741115887
694	0.0158514248341726	0.0860025916017031	0.882742337011531	0.0154036465525938
695	0.686861443178634	0.204483130988012	0.0606327718008315	0.0480226540325223
696	0	0	0	1
