id	0	1	2	3
0	0.986420360525978	0.000976854050293185	0.00268056133068434	0.00992222409304428
1	0.00578758310744605	0.446352779235096	0.185355149641617	0.362504488015841
2	0	1	0	0
3	0.346820709912252	0.023934705826836	0.0514691169339121	0.577775467327
4	0.999999329498743	6.70501256560055e-07	0	0
5	0	1	0	0
6	0.790464490592606	9.65642610484399e-06	0	0.20952585298129
7	0.503862666875479	0.0450338161719162	0.097479073462743	0.353624443489862
8	0.361975666908826	0.0213800715946167	0.33145041428896	0.285193847207597
9	0.00453575202729866	0.894843046734417	0.00531231464683234	0.095308886591452
10	0	1	0	0
11	0.810593437968235	0.00814757422900932	0.029040451256169	0.152218536546586
12	0.999999999603069	3.96931412655355e-10	0	0
13	0	1	0	0
14	0.233540460673969	0.00719474040864235	0.1166997376172	0.642565061300188
15	0.416049490882494	0.000590085750087415	0.015129671265994	0.568230752101424
16	0.150512328599869	0.0102859691537168	0.0199106402614549	0.819291061984959
17	0.0755379662173772	0.0340337552358224	0.368378965052732	0.522049313494068
18	0	0	1	0
19	0.0238978598095525	0.149051786088866	0.107945194924155	0.719105159177426
20	0.115724788544582	0.071015114903186	0.0927399856709447	0.720520110881287
21	0.0523665276595896	0.0384315798043924	0.00551526818059941	0.903686624355419
22	0.0250582419942969	0.0959653650383508	0.00781623922780294	0.871160153739549
23	0	1	0	0
24	0.542991195254071	0.0100243477917261	0.155401369699188	0.291583087255016
25	0.503862664366602	0.0450338163398563	0.0974790734321101	0.353624445861432
26	0.183615177480769	0.0108052520864044	0.0327432149211766	0.77283635551165
27	0.346829881246379	0.0239343936360845	0.0514686734374484	0.577767051680088
28	0.0221767330187391	0.000780902726165749	0.955887635319105	0.0211547289359897
29	0	0	0	1
30	0.0206316261632123	0	0	0.979368373836788
31	0.0259153897573313	0.00857178477770511	0.76730096288171	0.198211862583253
32	0	0	0	1
33	0	0	1	0
34	0.00110715203865956	0.628792507409765	0.319956927281002	0.0501434132705743
35	0	0	1	0
36	0.00422134080222354	0.00131856237123007	0.979436492785858	0.0150236040406881
37	0.00120423277838797	0	0	0.998795767221612
38	0.0107911664674177	0.0847307824013612	0.00645697445521173	0.898021076676009
39	0.114899956836117	0.0662871073459287	0.218888962853491	0.599923972964463
40	0.00455872334671717	0.0118339145563055	0.583598377452147	0.40000898464483
41	0.0140755126149506	0	0	0.985924487385049
42	0.346820710296064	0.0239347058212877	0.0514691169539676	0.577775466928681
43	0.177507278212966	0.0277120741323927	0	0.794780647654641
44	0.0368560883056757	0.432392489017295	0.261754946912368	0.268996475764662
45	0.195160514734239	0.0104041685805495	0.0222219202597805	0.772213396425431
46	0.0329578379251764	0.0128090705580559	0.015712504499188	0.93852058701758
47	1	0	0	0
48	0.00509926905062027	0.000603234164328356	0.0503521246274337	0.943945372157618
49	0	1	0	0
50	0.244271943150264	0.0204826557989517	0.0227285532644648	0.712516847786319
51	0	0	0	1
52	0.18161938677522	0.0175057487696955	0.528038675707246	0.272836188747838
53	0.0232723159402904	0.00624864493321576	0.0679768081267272	0.902502230999767
54	0	0	0	1
55	0.275081800916053	0.0281438723937805	0.0553022721820298	0.641472054508137
56	1	0	0	0
57	0.148436520762967	0.112059083383946	0.131459575330796	0.608044820522291
58	0	0	1	0
59	0.39387423242377	0.00758360277091452	0.0400931754779833	0.558448989327333
60	0.000107173402115588	1.72137162881794e-06	0.0020249249454893	0.997866180280766
61	0	0	1	0
62	0.999968511805091	3.14881949091985e-05	0	0
63	0.0129056919485008	0.0597005557651894	0.0431563409752079	0.884237411311102
64	0	1	0	0
65	0.0438860088206609	0.00136261786020348	0	0.954751373319136
66	0	1	0	0
67	0	1	0	0
68	0	1	0	0
69	0.223399104865753	0.00129567279298883	0.00453009549495445	0.770775126846304
70	0	0.446856079040531	0.553143920959469	0
71	0.348725417275721	0.0238701083549735	0.0513772319115115	0.576027242457794
72	0.0870304976750397	0	0	0.91296950232496
73	0	0	1	0
74	0.447680433748235	0.0487945571056723	0.096793192505346	0.406731816640747
75	0.999985391978838	1.46080211615787e-05	0	0
76	0.0754940746197682	0.0340178265129868	0.369872728949029	0.520615369918216
77	0.118564190433721	0.0724572936351043	0.100442976805864	0.708535539125311
78	4.73633853317969e-05	0.999924669765799	2.79668488694202e-05	0
79	0.832893228796361	0.000206807591343521	0.00538413309817385	0.161515830514122
80	0.123813098398309	0.123259530421997	0.0212057294344981	0.731721641745196
81	0.999999784530568	2.15469431734857e-07	0	0
82	0.97605669384562	0.0239433061543804	0	0
83	0.0122008088393459	0.00454663596796883	0	0.983252555192685
84	0	1	0	0
85	0	1	0	0
86	0	0.000116075676670615	0	0.999883924323329
87	0.0756296070379789	0.0340730315142717	0.36839731383071	0.521900047617039
88	0.0107906284590602	0.240920283220511	0.0411466823816653	0.707142405938764
89	0.104758521942769	0.000487594830263333	0.0265356787094448	0.868218204517522
90	0.0592855780939409	0.0280911759306187	0.0364445116992791	0.876178734276161
91	0.0220090210663298	0.000778397541876399	0.956182048408137	0.0210305329836571
92	0.140087595694655	0.00850141194899407	0.421277471603513	0.430133520752839
93	0	0	1	0
94	0.01204301783062	0.89543873824499	0.0190686197915265	0.0734496241328634
95	0.175332800854285	0.00049515407008151	0.00108663950213541	0.823085405573498
96	0	0	0	1
97	0.49823837835342	0.0454100674687127	0.0974165305666349	0.358935023611232
98	0.00455375794070475	0.89433935998321	0.00533191479745075	0.0957749672786348
99	0.0593704661636168	0.0280902075512087	0.0364575072513181	0.876081819033856
100	0.0020996625247394	0	0	0.997900337475261
101	0.115500059032275	0.070829345171773	0.0980164883749843	0.715654107420968
102	0.0468787175949258	0.668021135591419	0.0592066922024969	0.225893454611158
103	0.00374692948795726	0.957362879973817	0.00572094174300599	0.0331692487952195
104	0.285262114455703	0.0258118677386669	0.0536860221152188	0.635239995690412
105	0.998066051671956	0.000326324318251793	0.0016076240097926	0
106	0.0922443296349692	0.0538222789153722	0.58576279016328	0.268170601286379
107	0.999999010602852	9.89397147445014e-07	0	0
108	0.0630445548967023	9.30068485023003e-06	0	0.936946144418447
109	0.204984929459497	0.013109109748531	0.00812992445871128	0.773776036333261
110	0.0594986820256189	0.0280906353308289	0.0365870066756411	0.875823675967911
111	0.284701458493064	0.00447209323770683	0.328321841689604	0.382504606579626
112	0.99999993374435	6.62556498717152e-08	0	0
113	0.293020657957288	0.087585411278033	0.138747098875783	0.480646831888896
114	0.00210911174270507	0.024405351062623	0.000779753002314297	0.972705784192358
115	0.223340533343036	0.00588273751249259	0.106480881972592	0.664295847171879
116	0.999998902215946	1.09778405400806e-06	0	0
117	0.0592332931044552	0.0530137578237967	0.00907509055887106	0.878677858512877
118	0	0.999957430333107	4.25696668929957e-05	0
119	0.123762830674111	0.000347696274819072	0.640309595324684	0.235579877726387
120	1	0	0	0
121	0	0	1	0
122	0	0	1	0
123	0.0156313102245381	0.0685049415075971	0.412186585066964	0.503677163200901
124	0.00160300979598441	0.239938888364462	0.747932038868291	0.0105260629712627
125	0.190602645746276	0.745462686619815	0.0639346676339091	0
126	0.039778910065925	0.00143666641744239	0	0.958784423516633
127	0.0922443233782284	0.0538222790231358	0.585762798264258	0.268170599334377
128	0.156184117644502	0.141915443975949	0.169730527495993	0.532169910883556
129	0.0597334338784025	0.0282550713555132	0.0455395546034891	0.866471940162595
130	0.064205456532259	0.0282478591630878	0.0382343097172269	0.869312374587426
131	0	0	1	0
132	0.00374692948795726	0.957362879973817	0.00572094174300599	0.0331692487952195
133	0	0.999972274006803	2.77259931971059e-05	0
134	0.000268806858804833	0.999308042991491	0.000423150149703805	0
135	0	1	0	0
136	0	1	0	0
137	0.163305340778587	0.0010983281304731	0	0.83559633109094
138	0.744197126665916	0.00407428274338821	0.0739821185628338	0.177746472027862
139	0	0	1	0
140	0	0	0	1
141	0	0	1	0
142	0	0	0	1
143	0.0890229710925493	0.00731414404995721	0.783406455440659	0.120256429416835
144	0	0	0.99940781819163	0.000592181808369966
145	1	0	0	0
146	0.997601654105727	0.00239834589427278	0	0
147	0	0.999987264471708	1.27355282917417e-05	0
148	1	0	0	0
149	0.00420687290991744	0.494822558180747	0.00289920324258203	0.498071365666753
150	0.999869238368339	0.000130761631660979	0	0
151	0.171683499405038	0.479626145942877	0.0781338264052748	0.27055652824681
152	1	0	0	0
153	1	0	0	0
154	0.993843673662675	0.00302225498862011	0.00313407134870526	0
155	0.0118270203062281	0.00334107885978253	0	0.984831900833989
156	1	0	0	0
157	2.58983154380017e-06	0.921777728803284	0.0449468574344201	0.0332728239307525
158	0.192527962461459	0.00388561225957285	0	0.803586425278968
159	0.0141839462529267	0.0632678822209857	0.182914020046119	0.739634151479968
160	0	0	0	1
161	0.597583614854422	0.402416385145577	0	0
162	0.0922443233782284	0.0538222790231358	0.585762798264258	0.268170599334377
163	0.594230276700778	8.40094288268261e-06	0	0.405761322356339
164	0	0	0	1
165	0.602933038233028	1.26104617203448e-06	0	0.3970657007208
166	0.999567822321489	0.000432177678510707	0	0
167	0.000107943248222265	0.928546082253153	0.001567099565716	0.0697788749329084
168	0.799082549962982	0.00123529423990642	0.00574636725891349	0.193935788538198
169	0.0499558784695042	0.000429499273373393	0.00101506346342603	0.948599558793697
170	0.010911541806747	0.00363437046854389	0.00663012286041065	0.978823964864298
171	0.999668797342233	0.000331202657766977	0	0
172	1	0	0	0
173	1	0	0	0
174	1	0	0	0
175	0.024151212027333	0.125683747798224	0.445484031657377	0.404681008517066
176	0	1	0	0
177	0.0293298903993507	0.010410788732287	0.0256164893161945	0.934642831552168
178	0.00509048341289713	0.000567570498277134	0.417059734932584	0.577282211156242
179	1	0	0	0
180	0.776588923458498	0.000523369572016329	0.00303164044411063	0.219856066525375
181	0.101986503207427	0.00401644167696663	0.0129003841186888	0.881096670996918
182	0.0294825576769318	0.000257733091881498	0	0.970259709231187
183	0.777416011134901	0.00227024210998789	0	0.220313746755111
184	0.102106668155832	3.95275528521072e-05	0	0.897853804291316
185	0	0	0	1
186	0	0	0	1
187	0.999628701132468	0.000371298867532073	0	0
188	0.0426024247111839	0.000408028365028916	0	0.956989546923787
189	0.0238968243854045	0.149053511230897	0.107945420523514	0.719104243860184
190	0.155605126977594	8.94460484069792e-05	0.0998929281840834	0.744412498789916
191	1	0	0	0
192	0.040850657577665	0.427373971854533	0.313601490226161	0.218173880341641
193	0	1	0	0
194	0	1.00736689339862e-07	0	0.999999899263311
195	0.755191296746143	0.000515484886299465	0.186812599133389	0.0574806192341686
196	0	0	1	0
197	0.000340837773798596	0.999619258777929	3.99034482723228e-05	0
198	1	0	0	0
199	0.263837706457154	0.00805788397924016	0.00228359409312155	0.725820815470484
200	0.924616982322174	0.000325537988089596	0.000459235869563881	0.074598243820173
201	1	0	0	0
202	0.310314201760555	0.214248605725425	0.031569486904256	0.443867705609764
203	0	1	0	0
204	0.24063787004215	0.383910714495293	0.0563325273863857	0.319118888076172
205	0	1	0	0
206	1	0	0	0
207	0.0409670682661895	0.450760476317374	0.0396892062856783	0.468583249130758
208	0.0232492706361215	0.00624752133833258	0.0666331188307813	0.903870089194765
209	0.00989093933816832	0.00150176283297377	0	0.988607297828858
210	0.99999999995279	4.72102984301328e-11	0	0
211	0.013025049224402	0.00361543669321299	0.00587694973598823	0.977482564346397
212	0.622055032997496	2.52355816913082e-05	0	0.377919731420813
213	0	1.82251424416316e-07	0	0.999999817748576
214	0	1	0	0
215	0.0823262212216523	0.000183284577733047	0	0.917490494200615
216	0	0.999929808596438	7.01914035624763e-05	0
217	0.0880132225675841	0.000130990482332646	0	0.911855786950083
218	0.426640192165843	0.00240099709890787	0.462007723983789	0.10895108675146
219	0.135680597153737	0.0696774109353253	0.0945433572841623	0.700098634626776
220	0	1	0	0
221	0.117647072106622	0.00534243206313843	0.710211936827324	0.166798559002916
222	0.0464901073132657	0.0111154742660729	0.0155150415532378	0.926879376867424
223	0.032106426393774	0.00630847562749134	0.0771200640575261	0.884465033921209
224	0.00546193035130131	5.2449424796925e-05	0	0.994485620223902
225	0.99999693029222	3.06970778027503e-06	0	0
226	0.00583674648667959	0.00125091871300674	0.841038454637704	0.151873880162609
227	0.0592855729972366	0.0280911760042819	0.0364445114323052	0.876178739566176
228	0.0648903419190663	0.141205034323859	0.0198087751605197	0.774095848596554
229	0	2.90018480529155e-05	0	0.999970998151947
230	0.999987460196759	1.25398032409068e-05	0	0
231	0.0189307169969145	0.751977886835976	0.0194983688921956	0.209593027274914
232	0.0162649616664338	1.40691338733436e-06	0	0.983733631420179
233	0.777392847448945	0.0022702653500425	0	0.220336887201013
234	0.0177490778581474	0.76175650207954	0.105989241444185	0.114505178618127
235	0.000254759299382434	0.999473773309234	0.00027146739138376	0
236	0	0.000126939706299871	0	0.9998730602937
237	0	1	0	0
238	0	0	1	0
239	0.503262276676525	0.0450740052850773	0.0974717428155142	0.354191975222883
240	0.105601002477546	0.0446127631097737	0	0.84978623441268
241	0	0	1	0
242	0.00598757412625718	0.000599837553418038	0	0.993412588320325
243	0	0	1	0
244	0	1	0	0
245	0.00374692948795726	0.957362879973817	0.00572094174300599	0.0331692487952195
246	0.00704751352817634	0.000454065660557263	0.015798839782563	0.976699581028703
247	0.647030021658336	0.000889460145238475	0.00170744389128294	0.350373074305143
248	0.503862666875479	0.0450338161719162	0.097479073462743	0.353624443489862
249	0.0131514559510765	0.00124255770228305	0	0.98560598634664
250	0.0492739346169374	0.647250959386538	0.0603733350311085	0.243101770965416
251	0.115727161239731	0.0710149628199063	0.0927400195964753	0.720517856343887
252	0	1	0	0
253	0.00920295614121784	0.585020024426935	0.0042232132885367	0.401553806143311
254	1	0	0	0
255	0.624020012889345	0.0141931188153753	0.0453237990013971	0.316463069293883
256	1	0	0	0
257	0.0125724919498988	0.00333570645100926	0.00437054518236914	0.979721256416723
258	7.6084350847159e-05	3.81544838660787e-08	0	0.999923877494669
259	0.146843258692135	0.0461449191875107	0.00326418090639481	0.803747641213959
260	0	0.998019229587879	0.00198077041212127	0
261	0	0	1	0
262	0.0118268892129681	0.0033410611901136	0	0.984832049596918
263	0.989040826721411	0.00237578930655719	0.00858338397203184	0
264	1	0	0	0
265	0.245845315528167	0.0146951987283296	0.213493287708257	0.525966198035247
266	0.0329998665664817	0.178078670548429	0.415725342661493	0.373196120223596
267	0.109454994461337	0.0257742948064599	0.295100765672401	0.569669945059802
268	0.503859697094527	0.045034011805895	0.0974791202289077	0.353627170870671
269	1	0	0	0
270	0	1	0	0
271	0	0	1	0
272	0	0	1	0
273	0	1	0	0
274	0.193431570110436	0.0243647507398071	0.0249079450228268	0.75729573412693
275	0.00410656712268936	0.0234161763032389	0.938715541904962	0.0337617146691099
276	0	0.029753138267194	0.970246861732806	0
277	1	0	0	0
278	0	0	0	1
279	0	1	0	0
280	0.102309071995904	0.226615198075772	0.0261599272909031	0.64491580263742
281	0.227983120019594	0	0.772016879980406	0
282	0.0238154037908694	0.00606142654720855	0.539311412551537	0.430811757110385
283	0.217373245344386	0.0581139417037363	0.254267468361259	0.470245344590618
284	0.0653191724697338	0.533044738085005	0.0688770760407622	0.332759013404499
285	0.00873465608588991	0.000976428734611985	0	0.990288915179498
286	0	0	0	1
287	0.115733218389074	0.0711088237158823	0.0927356513596866	0.720422306535357
288	0	0	0	1
289	0	0	0	1
290	0	0	1	0
291	0.062537947335699	0.0090290120305362	0.0820847616753916	0.846348278958373
292	0.989899697044021	2.80119064033202e-06	0	0.0100975017653382
293	0.035632835980166	0.0179294288723091	0.0173330109922337	0.929104724155291
294	0.0592856825153808	0.0280911744211619	0.0364445171558011	0.876178625907656
295	0.993538133308455	0.00646186669154484	0	0
296	0.00459932165814636	0.000823737833078249	0	0.994576940508775
297	1	0	0	0
298	0.999004220371635	0.00099577962836535	0	0
299	0.999999999923981	7.60186567821478e-11	0	0
300	0	0	0	1
301	0.345598670108558	0.000690757636458541	0.016381291868141	0.637329280386842
302	0.00403918520796058	0	0	0.99596081479204
303	0.125642665742943	0.00135576747063816	0.00357623161813086	0.869425335168288
304	0.0169478573212126	0.0862524094180739	0.0204509211631143	0.876348812097599
305	1	0	0	0
306	0.0584088193120884	0.00400267497520164	0.0111929592595793	0.926395546453131
307	0.999997508668685	2.49133131483909e-06	0	0
308	0.0292059323691066	0.0866937587016078	0.00254612876368229	0.881554180165603
309	1	0	0	0
310	0	0	1	0
311	0.999377400106912	0.000101829657728302	0.000520770235359321	0
312	0	0	0	1
313	0.968104061998085	9.96379925166243e-05	0.000913549503735157	0.0308827505056635
314	1	0	0	0
315	0.0749110100293446	0.000433735830991728	0.620150059200607	0.304505194939057
316	0.158114085839856	0.0096798172822764	0.0189622922665648	0.813243804611303
317	0.503862658844392	0.0450338167095037	0.097479073364685	0.353624451081419
318	0.999999986283086	1.37169142722454e-08	0	0
319	0	1	0	0
320	0.329575849108328	0.0301152797161061	0.0835015562395333	0.556807314936033
321	0.0680451227828457	0.059358472795943	0.0614356027283798	0.811160801692831
322	0.337829059058487	0.00552311461363892	0.101142521025247	0.555505305302627
323	0.115726420405512	0.0710150056691516	0.0927400055956483	0.720518568329688
324	0	0	0	1
325	0.179038631373837	0.0667769457539941	0.0935142819911713	0.660670140880998
326	0.63333937755946	0	0.36666062244054	0
327	0.000981986116832793	0.00264553509156862	0.00153423558939532	0.994838243202203
328	0.154304986323701	0.0863887794248969	0.0731629105695352	0.686143323681867
329	0	0	0	1
330	0.464263928294116	0.0122244268113727	0.0320042568559148	0.491507388038596
331	0.675224129844637	0.00524046345799244	0.0185562712819797	0.300979135415391
332	0.817438748454079	0.182561251545921	0	0
333	0	0	0	1
334	0.948076164746688	0.0429988229525205	0.00892501230079107	0
335	0.0187152956086156	0.206485981149172	0.0496491740037972	0.725149549238415
336	0.0061009484221791	0.273671829757553	0.132995247480918	0.58723197433935
337	0.0899837950381	0.0299150073377614	0	0.880101197624139
338	0.697417544920125	0.012127256410863	0.0350390501225146	0.255416148546498
339	0.00333801905217974	0	0	0.99666198094782
340	0.013779311931481	0.0903873786318857	0.0078547614363753	0.887978548000258
341	0.0622563607351791	0.382824464822929	0.0153665248594974	0.539552649582395
342	0.115726420405512	0.0710150056691516	0.0927400055956483	0.720518568329688
343	0.999999845448525	1.54551474508773e-07	0	0
344	0.00374692948795726	0.957362879973817	0.00572094174300599	0.0331692487952195
345	0.0342899156654172	0.00229823083850367	0.0313875152781075	0.932024338217972
346	0.999643155819903	0.000120902919453757	0.00023594126064298	0
347	0	0	1	0
348	0.00039085560505659	0.965146110641316	0.02665466688412	0.00780836686950742
349	0.310696935191102	0.00176014368618614	0.00169563288653235	0.685847288236179
350	0.0231766244951713	0.778584059967141	0.0139919099218117	0.184247405615876
351	0.810593437968291	0.00814757422900742	0.0290404512561663	0.152218536546535
352	0	1	0	0
353	0.503674487597893	0.0450464114878119	0.0974768044701355	0.35380229644416
354	0	0	0	1
355	0.0284467673494284	0.0205597292017287	0.0137056195851691	0.937287883863674
356	0.109462775025393	0.291171765898992	0.00405540607377368	0.595310053001842
357	0.0468794366178873	0.668014910836548	0.0592070474425975	0.225898605102968
358	0	0	1	0
359	0.024414461290905	0.161283289233749	0.11405301907757	0.700249230397776
360	0.769561600716936	0.0338468125036879	0.0219006636597631	0.174690923119613
361	0	0	0	1
362	0.157420680298233	0.0274088995488226	0.0501489295086065	0.765021490644338
363	0.0677876166358614	0.0741393643517806	0.0557066853453301	0.802366333667028
364	0.0212158942997523	0.00361395237832703	0.00636865958025718	0.968801493741664
365	0.994868587990544	0.00513141200945571	0	0
366	0.202012514223114	0.157380652338466	0.0435323661898755	0.597074467248544
367	0	0.00229681695572677	0.666144778860305	0.331558404183968
368	0.116505637914013	0.0709631580819248	0.0927900709007588	0.719741133103303
369	0.540827268729394	0.0113268443813144	0.01116723888223	0.436678648007062
370	0.115724788544582	0.071015114903186	0.0927399856709447	0.720520110881287
371	0.000595782908060205	0.810259541496014	0.0159749677046899	0.173169707891236
372	0	0	1	0
373	0.126422360789859	0.0702874305076602	0.0932860453490473	0.710004163353434
374	0.998603416584924	0.00111736752739474	0.000279215887680917	0
375	0.863693539658647	0.00127737716488285	0.000794134777726755	0.134234948398743
376	0.0137785376992002	0.0903872373050621	0.00785462854084988	0.887979596454888
377	0.503859697094527	0.045034011805895	0.0974791202289077	0.353627170870671
378	1	0	0	0
379	0.17814127121548	0.0103952259965731	0.0218555982537959	0.789607904534151
380	0	0	1	0
381	0.688776372421497	0.00502655609522529	0.0179045474595701	0.288292524023708
382	0	1	0	0
383	0.959004912603392	7.07354155401445e-05	0.0057892629212521	0.0351350890598153
384	0.000356677066684429	1.37898421234763e-07	0	0.999643185034894
385	0.429220160811446	0.0268136127208244	0.0374262907096126	0.506539935758117
386	0.000166596954395506	0.999807111276096	2.6291769508757e-05	0
387	0	0	0	1
388	0	0	1	0
389	0.999999999461961	5.38038649134384e-10	0	0
390	0.0775088556819752	0.0278307451625348	0.0374081244936093	0.857252274661881
391	0.980473322119186	0.000123204851715307	0.000678835594105897	0.018724637434993
392	0.503862658844392	0.0450338167095037	0.097479073364685	0.353624451081419
393	0.182555783010231	0.225915240238569	0.0327532106300466	0.558775766121153
394	0.00567399867930441	0.821786826084642	0.0403854740658001	0.132153701170254
395	0.0160791283225946	1.51325526517878e-05	0	0.983905739124754
396	0.0468787175949297	0.668021135591384	0.0592066922024989	0.225893454611187
397	0	0	0	1
398	0.115724788544582	0.071015114903186	0.0927399856709447	0.720520110881287
399	0.642389775033304	0.0353617635421824	0.00528888093367908	0.316959580490834
400	0.115724788544582	0.071015114903186	0.0927399856709447	0.720520110881287
401	0.00061346450121756	0.998994479322128	0.000392056176654835	0
402	0.0592855729991026	0.0280911760042554	0.0364445114324229	0.876178739564219
403	0.0764894122057264	6.31258947043648e-05	0	0.923447461899569
404	0	0	0	1
405	0.262193348303792	0.0105512604611029	0.397793260854557	0.329462130380548
406	0.00489934106143952	0.74633053724066	0.00440163650072891	0.244368485197171
407	0.0058064052081668	0.00735713277105226	0.00596584923448318	0.980870612786298
408	0.317924891067447	0.00177849748287304	0	0.68029661144968
409	0.112621059209971	0.0274873777607035	0.0432347712444688	0.816656791784857
410	0.115724815229527	0.0710151131169404	0.0927399859967625	0.72052008565677
411	1	0	0	0
412	0.0807288012981362	0.391519203402349	0.0761957714942937	0.451556223805221
413	0.195255602659296	0.0104045230079614	0.0222273105566874	0.772112563776056
414	0.562150737364351	0.0166455819666672	0.0412684217693938	0.379935258899588
415	0.115724791189414	0.0710151147229844	0.09273998578655	0.720520108301052
416	0.945170156675813	0.00106840139572623	0.00627063653244431	0.047490805396017
417	0.0999438142179247	0.00282700800701197	0.423246356339764	0.473982821435299
418	0.511593709066288	0.00524467311644351	0.0701709294085412	0.412990688408727
419	0.0933688908483885	0.0539985666800994	0.579384220084618	0.273248322386894
420	0.016323742360162	0.125369696026982	0.761677333238127	0.0966292283747294
421	0.1160041289845	0.0709912116818028	0.0930470293536099	0.719957629980087
422	0.116425882881277	0.00760618166946199	0.218175544851544	0.657792390597717
423	0	0	0	1
424	0.0480065831687116	0.342322967279279	0.0247601717785478	0.584910277773462
425	0	0	1	0
426	0	0.995698088324996	0.00230704245406851	0.00199486922093503
427	0.0362013883831745	0.00960693450127146	0.407072813241724	0.54711886387383
428	0.374925640269108	0.0537168996397136	0.0975663433942205	0.473791116696958
429	0.0189235753006096	0.00106986500599831	0.956976184187635	0.0230303755057574
430	0	0	1	0
431	0.533307923019405	0.0763275635674666	0.0159969914289384	0.37436752198419
432	0.600036772587258	0.0034168664113755	0.100118721175163	0.296427639826204
433	0.184823157012635	0.00021786512769236	0.0120878706872616	0.802871107172411
434	0	1	0	0
435	0.0608315291624354	0.0013614088038307	0.00301001270336553	0.934797049330368
436	0.115724867030197	0.0710151096494904	0.0927399866292385	0.720520036691074
437	0.173605242575549	0.026438580720699	0.0424180863006209	0.757538090403131
438	0.00374692948795726	0.957362879973817	0.00572094174300599	0.0331692487952195
439	0.0518909738583506	0.62634178930917	0.0615608614867529	0.260206375345726
440	0	0	0	1
441	0.999999992602506	7.39749419224458e-09	0	0
442	0.0539501623414141	0.0212398390405519	0.185717260394011	0.739092738224023
443	0.0267392430881615	0.00882121601836017	0.0162588479048406	0.948180692988638
444	0.118564190433721	0.0724572936351043	0.100442976805864	0.708535539125311
445	0.877354948821983	0.122645051178017	0	0
446	0	1	0	0
447	0.00590778877296285	0.712989313618039	0.00956849560618545	0.271534402002813
448	0.363044378141151	0.0172468512600926	0.218426747147197	0.401282023451559
449	0.000659522985726301	0.998850920401857	0.000489556612416607	0
450	0.141395841068378	5.2530156294424e-05	0	0.858551628775327
451	0.0592866907508199	0.0280911598466336	0.0364445698410596	0.876177579561487
452	0.0523856062427029	0.0386502217978021	0.00553038767865314	0.903433784280842
453	0	1	0	0
454	0.675729595505048	0.00411399691747104	0.017999324272379	0.302157083305102
455	0.741016544260941	0.2292882842329	0.0296951715061591	0
456	0.0468787175949258	0.668021135591419	0.0592066922024969	0.225893454611158
457	0	1	0	0
458	0.0749716159203512	0.426007728671766	0.0728019376190778	0.426218717788805
459	0.0185318437020482	0.000847813650944259	0.00344830306966577	0.977172039577342
460	0.120713456835753	0.0701491068856426	0.106796949676241	0.702340486602363
461	0.162091739508313	8.18271507489322e-11	0	0.83790826040986
462	0	0	0	1
463	0	0	0	1
464	1	0	0	0
465	0	1	0	0
466	0	0.999816881496801	0.000183118503199323	0
467	0.025267099907623	0.00819994221771618	0.778251703985246	0.188281253889415
468	0.0762003624120085	0.0488999722857386	0.621355556337427	0.253544108964826
469	0.0922443233816253	0.0538222790256231	0.58576279819293	0.268170599399822
470	0	1	0	0
471	0.390665220968525	0.00211650424377894	0.517098342068256	0.0901199327194408
472	0.0812072580351779	0.0285248398695303	0.0376325657991515	0.85263533629614
473	0.0468787185352865	0.668021127437011	0.0592066926605338	0.225893461367169
474	0.00578575139210105	0.644306920477657	0.0314755772950027	0.31843175083524
475	0.115720995325507	0.0710082236010786	0.0929306140036541	0.720340167069761
476	0.0515942982560098	0.0167009137969367	0.177158137858637	0.754546650088416
477	0	0	0	1
478	0.000218406113078924	0.999378637423533	0.00040295646338841	0
479	0.00250789168175766	0.996834655447546	0.000657452870695935	0
480	0.0179472273455218	0.00341770126943125	0.00559703634248018	0.973038035042567
481	0.503862665123464	0.045033816289193	0.0974790734413553	0.353624445145988
482	0.0601016549505094	0.0283127903733212	0.0366052299411471	0.874980324735022
483	0.860372850504541	0.000910666654102272	0.00581351055059154	0.132902972290765
484	0.281788101673428	0.0128808536262295	0.239455242923745	0.465875801776597
485	0.0259247514143738	0.0894643463355549	0.126917953913424	0.757692948336647
486	0.849741995317694	0.144251745776769	0.00600625890553778	0
487	0.67929178802544	0.00634027481500242	0.00853691350594185	0.305831023653615
488	0.978770397953235	0.000259004849177205	0.00146859967790169	0.0195019975196862
489	0.897279169162037	0.000232644299645725	0.00622261311563398	0.0962655734226837
490	0.576751595239438	0.00714578921082253	0.184086818505555	0.232015797044185
491	0.997606081460413	0.000341835067878314	0.00205208347170865	0
492	0	0	0	1
493	0.115724788544582	0.071015114903186	0.0927399856709447	0.720520110881287
494	0.431489395294553	0.0227576208113281	0.0494529093317942	0.496300074562325
495	0.725671803854958	0.135559147587024	0.138769048558018	0
496	0.0551615267090856	0.607805927522449	0.0647999610265534	0.272232584741912
497	0	0	1	0
498	0.305934327787589	0.0032514614277076	0.00859877266717803	0.682215438117525
499	0.0644422405239969	0.0298871746955748	0.0750470398125844	0.830623544967844
500	0.11933207822241	0.0727532577721348	0.0944993887869142	0.713415275218541
501	0.115725062506028	0.0710150963863837	0.0927399937282795	0.720519847379309
502	0.0101692734468975	0.00347195958843531	0	0.986358766964667
503	0.967142452913417	0.0328575470865834	0	0
504	0.0269643854092244	0.13913587824664	0.0170012621953943	0.816898474148741
505	0.0244788419039278	0.618545897009332	0.0198910796838732	0.337084181402867
506	0.0630064534658158	0.0572563870052596	0.0402977280029884	0.839439431525936
507	0.503849618931364	0.0450346895792257	0.0974789141549164	0.353636777334494
508	0.083731995186539	0.00284122064887848	0.0445392082561142	0.868887575908468
509	0.115727192023965	0.0710148270383087	0.0927498128055191	0.720508168132208
510	0.0178482796084663	0.00478350180305539	0.00778618638956274	0.969582032198915
511	0.11572478854613	0.0710151149030824	0.0927399856709636	0.720520110879824
512	0.284851610751878	0.0123717202829226	0.259719242176376	0.443057426788823
513	0.0246859206327717	0.0061728004265682	0.257441796641156	0.711699482299505
514	0.11572672115014	0.0710146697690314	0.0927483474482788	0.72051026163255
515	0.0274102821013017	0.00991211895900535	0.0127924877566703	0.949885111183023
516	0.144792235698591	0.0822672542058568	0.0749391452913519	0.6980013648042
517	0.999906661774431	9.33382255687876e-05	0	0
518	0.115724788544582	0.071015114903186	0.0927399856709447	0.720520110881287
519	0.0550005718949389	0.210715163549291	0.0433187237935752	0.690965540762195
520	0	0	1	0
521	0.00826919800660524	0.0781712530107256	0.601807321229404	0.311752227753266
522	0.0924219858180071	0.0538423513319117	0.585209582259431	0.26852608059065
523	0	0	1	0
524	0.999914152618332	8.58473816680217e-05	0	0
525	0.00167063339139372	0.997709638490777	0.000619728117828864	0
526	0.0483812648889598	0.203478838364213	0.479499961691577	0.268639935055251
527	0.116078690714592	0.0709914248039998	0.0927443194029086	0.720185565078499
528	0.00347863906544372	0.9707142336275	0.00193928423301433	0.0238678430740422
529	0.0349619198005119	0.00477077790947127	0.123323271359528	0.836944030930488
530	0	0	0	1
531	0	0	1	0
532	0.893576407971881	0.0847908966005501	0.0216326954275686	0
533	0	0	1	0
534	0	0	0.998026460522849	0.00197353947715101
535	0.0518909738583504	0.626341789309171	0.0615608614867529	0.260206375345725
536	0.123760973245789	0.0708495196306108	0.0933162795122627	0.712073227611338
537	0.0468787175955574	0.668021135585942	0.0592066922028047	0.225893454615696
538	0.386626679108733	0.145765893602785	0.0933532501117762	0.374254177176706
539	0.00573221622402113	0.0120840639621793	0.747012936791259	0.235170783022541
540	0.11572530326873	0.0710150804080867	0.0927399930189276	0.720519623304256
541	0	0	1	0
542	0.0124152445034178	0.00991073355519207	0.00685710655709092	0.970816915384299
543	0.00453575204856847	0.894843047240647	0.00531231462535671	0.0953088860854281
544	0.0468787175949258	0.668021135591419	0.0592066922024969	0.225893454611158
545	0.0495846367276167	0.000481281422254977	0	0.949934081850128
546	0.00454752958791216	0.895202451689591	0.0061658157526561	0.0940842029698408
547	0.102493899866687	0.718720956099782	0.0190417897522986	0.159743354281233
548	0.39972486542392	0.0540725294629055	0.364772019071349	0.181430586041826
549	0	0.999977200069948	2.27999300517291e-05	0
550	0.280504480647916	0.00119408397876931	0.00859345555063308	0.709707979822681
551	0	0	0	1
552	0.071927658539705	0.0279081077999253	0.0371034566400955	0.863060777020274
553	0.0934628300940011	0.0547113176448647	0.560261095250635	0.291564757010499
554	0.986382687695011	0.0136173123049889	0	0
555	0	1	0	0
556	1	0	0	0
557	0.115724788544582	0.071015114903186	0.0927399856709447	0.720520110881287
558	0.000218143692360457	0.999379202700375	0.000402653607264337	0
559	0	0.999998981782824	1.01821717596542e-06	0
560	0.0915582721978347	0.00578631107326534	0.0670342577638716	0.835621158965028
561	0	1	0	0
562	0.0274930769169867	0.226807789022336	0.0199479495898346	0.725751184470843
563	0	1	0	0
564	1	0	0	0
565	0.0922443233782284	0.0538222790231358	0.585762798264258	0.268170599334377
566	0.0922444079343032	0.0538223409366714	0.585761022827916	0.26817222830111
567	0.640944763198839	0.0215453147985605	0.0562014291968713	0.281308492805729
568	0.301696444668393	0.0249058766607227	0.0503113166163607	0.623086362054523
569	0.019093634494363	0.749407922409142	0.0195171967560444	0.21198124634045
570	0	0	0	1
571	0.11145934426272	8.41667148682561e-06	0	0.888532239065793
572	0.0646573138401624	0.0104363503657401	0.0181047402945522	0.906801595499545
573	0	0	0	1
574	0.00374693106417145	0.957362858520097	0.00572094318153191	0.0331692672341995
575	0.043610138359794	0.000135180707470918	0	0.956254680932735
576	0	1	0	0
577	1	0	0	0
578	0.024591551643408	0.00297382716300293	0	0.972434621193589
579	0.369977725952155	0.0231476019221261	0.0504836919578518	0.556390980167867
580	0.120220650396887	0.0706949573716212	0.0933893432809168	0.715695048950575
581	0	1	0	0
582	0.0152347168686853	0.7836335415159	0.00266542477308346	0.198466316842331
583	0	1	0	0
584	0.0449407736279911	0.00142655036591994	0.0027890880567496	0.950843587949339
585	0.24305561034674	0.386279348025069	0.0566544128049252	0.314010628823265
586	0.0259314724523099	0.00857645122831555	0.766967906884087	0.198524169435287
587	0	1	0	0
588	0	0	0	1
589	0	0	0	1
590	0.0922443233796677	0.0538222790240967	0.585762798236843	0.268170599359393
591	0.0374406875757543	0.0156920946962597	0.00720970752307214	0.939657510204914
592	0	1	0	0
593	0	1	0	0
594	0	2.93930940285128e-10	0	0.999999999706069
595	0.208112129170383	7.59480010573482e-12	0	0.791887870822022
596	0.379123713212687	0.00505142188874218	0.079194749414424	0.536630115484147
597	0	0	0	1
598	0.105869049647761	0.0374324605535159	0.070887790199617	0.785810699599106
599	0.400799712950964	0.0519169054340257	0.096635365251442	0.450648016363568
600	0.994827512406242	0.00261200946784725	0.00256047812591033	0
601	1	0	0	0
602	0.0163232948416227	0.125375124707081	0.761677069441867	0.09662451100943
603	0.999999995917214	4.08278650517367e-09	0	0
604	1	0	0	0
605	0.115724791189414	0.0710151147229844	0.09273998578655	0.720520108301052
606	0	0	1	0
607	0.154043379336102	0.268780894320756	0.146018619716523	0.431157106626619
608	0.896748942848418	0.0876610632546089	0.015589993896973	0
609	0.0416274694522341	0.779813275884397	0.0702109267713111	0.108348327892058
610	0.982059311171627	0.0179406888283731	0	0
611	0.115724788544582	0.071015114903186	0.0927399856709447	0.720520110881287
612	0.0756296076347208	0.0340730315898228	0.368397318810648	0.521900041964808
613	0.742706254607914	0.0394868993386519	0.0213805425123978	0.196426303541037
614	0.962977908406407	0.000114697605111594	0.000919893704427399	0.0359875002840538
615	0.40077676374577	0.0749249477278039	0.105476703370985	0.418821585155441
616	0.769561600716936	0.0338468125036879	0.0219006636597631	0.174690923119613
617	0.104726518688189	0.0544058898908879	0.548908509476659	0.291959081944264
618	0.106226474684136	0.00547908276371248	0.788025581214029	0.100268861338123
619	0	0	0	1
620	0.838977418902972	4.38424402184721e-11	0	0.161022581053185
621	0.0331829405026885	0.8772199506676	0.00909501331276033	0.0805020955169515
622	0.000855597000765704	1.63692036726841e-11	0	0.999144402982865
623	0	0	1	0
624	0	0	0	1
625	0.198920189898316	0.0815435259017252	0.0996095485734453	0.619926735626513
626	0	1	0	0
627	0.132936361206348	0.0867404092440684	0.107787505802232	0.672535723747352
628	0	1	0	0
629	0	1	0	0
630	0	1	0	0
631	0.49490242403579	0.0456335997900408	0.0973696709790379	0.362094305195131
632	0.0647392175628254	0.0307455859924151	0.0391828299132637	0.865332366531496
633	0.462854967303298	1.06974026818942e-05	0	0.537134335294021
634	0.999993152303297	6.84769670318607e-06	0	0
635	0.006239428175002	0.000925363957921674	0.779215226996817	0.213619980870259
636	0.0592933506746736	0.0280917268538772	0.0364735399789015	0.876141382492548
637	0.112479703843559	0.00584066759527588	0.768028557815253	0.113651070745912
638	0	0	1	0
639	0.314228105161114	0.00910910588353401	0.0213510857155376	0.655311703239814
640	0	0	0	1
641	0.0756296242670002	0.0340730307733113	0.368397319604624	0.521900025355064
642	0.1157277572287	0.0710149647827462	0.092740935632155	0.720516342356398
643	0	0	0	1
644	0	0	0	1
645	0.374635388602732	0.000927151332414853	0.0236262305430703	0.600811229521783
646	0.115724788544582	0.071015114903186	0.0927399856709447	0.720520110881287
647	0.154043379336101	0.268780894320756	0.146018619716523	0.431157106626619
648	0.0270872412672236	0.00991011120360851	0.0127728299373137	0.950229817591854
649	0.741011653131057	0.229273139620408	0.0297152072485348	0
650	0.945170157148264	0.00106840138842441	0.00627063651094238	0.0474908049523695
651	0.115457250184695	0.00874149324055554	0.56495642537114	0.31084483120361
652	0.195809863922912	0.074468434167264	0.244139281449067	0.485582420460757
653	0.70221360820498	0.000963986350282663	0.107803867308868	0.189018538135869
654	0.0553658824190898	0.479078660565305	0.0397910833527298	0.425764373662876
655	0	0	0	1
656	0	0.00313633741061276	0	0.996863662589387
657	0.557272126450023	0.00593376523982337	0	0.436794108310153
658	0.0894423484317372	0.00883947032750417	0.707509108829229	0.19420907241153
659	0	0	0	1
660	0.685208601122899	0.00538398681001279	0.154395929237991	0.155011482829097
661	0	1	0	0
662	0.996949709107336	0.000505908993027049	0.00254438189963722	0
663	0	0	1	0
664	0.0270873905914045	0.00991011164262358	0.0127728383324039	0.950229659433568
665	0.478763501158933	0.0467138808942274	0.0971734601417665	0.377349157805074
666	0	0	0	1
667	0	0	0	1
668	0.210582041186844	0.0355792545188646	0.0258709718094003	0.727967732484891
669	0.0267455505476076	0.22722652388883	0.0198761187289438	0.726151806834619
670	0	0	0	1
671	0.225613858273659	0.393583848042453	0.0552846463772811	0.325517647306607
672	0.022124602574817	0.248534460006888	0.101694062159441	0.627646875258854
673	0.825363338763306	1.36053602706734e-06	0	0.174635300700667
674	0.0495537440065437	0.000328484832626621	0.0136921469771692	0.93642562418366
675	0.364114898822641	0.0504615065350236	0.199022472764713	0.386401121877622
676	0	1	0	0
677	0	1	0	0
678	0	1	0	0
679	0.0780279051970682	0.0339572163151095	0.368594954044946	0.519419924442877
680	0.999999999999995	5.41908850974888e-15	0	0
681	0.194005456559645	4.02902864612461e-06	0	0.805990514411709
682	0.0876943578972996	0.235607296103778	0.0374163011331854	0.639282044865737
683	0.87336003664064	0.000116540012757568	0.00678449874522912	0.119738924601374
684	0.115724788544602	0.0710151149031846	0.0927399856709447	0.720520110881269
685	0.023187213375702	1.08079217161533e-05	0	0.976801978702582
686	0.0292036986928724	2.20490485701488e-05	0	0.970774252258557
687	0.589190019039439	0.0480435324093392	0.0674411517870966	0.295325296764126
688	0.0320120372922416	0.00137265665055059	0.116926428181608	0.8496888778756
689	0.992364257155661	0.00706475682667114	0.000570986017667834	0
690	0	0	0	1
691	0.071417419161545	7.71352363822955e-09	0	0.928582573124931
692	0.999999954550222	4.5449778326099e-08	0	0
693	0.0468787175949258	0.668021135591419	0.0592066922024969	0.225893454611158
694	0.272397873315254	0.0266501562817178	0.134886359844921	0.566065610558108
695	0.102960246918756	0.141567224410611	0.529606527839905	0.225866000830727
696	0	0	0	1
697	0.0071652317425645	0.0191346100130481	0.0133038195903959	0.960396338653991
698	0	0	0	1
699	0.998763248714324	0.00123675128567654	0	0
700	0.503862666875247	0.0450338161719317	0.0974790734627401	0.353624443490081
701	0.00507362619210958	0.915271746401368	0.00351598223228188	0.0761386451742407
